	16_S3	17_S4	18_S1	19_S2	21_S3	23_S3	24_S2	27_S1	28_S4	30_S3	34_S1	35_S4	36_S1	38_S2	40_S2	42_S3	44_S3	45_S1	46_S4	47_S4	51_S2	54_S4	5_S1	8_S2
accB	0.00	0.00	96.00	278.00	0.00	0.00	48.00	113.00	0.00	0.00	0.00	0.00	0.00	0.00	0.00	0.00	0.00	0.00	0.00	0.00	256.00	0.00	0.00	0.00
accC	0.00	0.00	0.00	0.00	0.00	81.00	52.00	96.00	0.00	0.00	0.00	0.00	0.00	0.00	0.00	0.00	0.00	0.00	0.00	0.00	125.00	0.00	0.00	0.00
acpP	0.00	0.00	134.00	0.00	0.00	160.00	40.00	168.00	193.00	0.00	0.00	0.00	185.00	0.00	0.00	0.00	0.00	0.00	0.00	0.00	239.00	0.00	0.00	0.00
adk	0.00	0.00	64.00	0.00	0.00	792.00	510.00	362.00	434.00	0.00	0.00	0.00	322.00	0.00	0.00	0.00	0.00	0.00	0.00	77.00	542.00	0.00	36.00	0.00
ald	0.00	0.00	0.00	0.00	0.00	27.00	0.00	43.00	0.00	0.00	0.00	0.00	0.00	0.00	0.00	0.00	0.00	0.00	0.00	0.00	0.00	0.00	124.00	0.00
alr2	0.00	0.00	0.00	0.00	0.00	40.00	0.00	40.00	18.00	0.00	0.00	0.00	0.00	0.00	0.00	0.00	0.00	0.00	0.00	0.00	0.00	0.00	0.00	0.00
alsS	0.00	0.00	0.00	0.00	0.00	6.00	36.00	0.00	0.00	0.00	0.00	0.00	74.00	0.00	0.00	0.00	0.00	0.00	0.00	14.00	109.00	0.00	34.00	0.00
ampA	0.00	0.00	0.00	0.00	0.00	0.00	19.00	0.00	0.00	0.00	0.00	0.00	0.00	0.00	0.00	0.00	0.00	0.00	0.00	0.00	14.00	0.00	0.00	0.00
ansA	0.00	0.00	0.00	0.00	0.00	30.00	0.00	0.00	14.00	0.00	0.00	0.00	0.00	0.00	0.00	0.00	0.00	0.00	0.00	0.00	13.00	0.00	0.00	0.00
arcA	0.00	0.00	0.00	0.00	0.00	0.00	0.00	0.00	53.00	0.00	0.00	0.00	0.00	0.00	0.00	0.00	0.00	0.00	0.00	0.00	0.00	0.00	24.00	0.00
arcB	0.00	0.00	29.00	0.00	0.00	10.00	14.00	0.00	0.00	0.00	0.00	0.00	0.00	0.00	0.00	0.00	0.00	0.00	0.00	0.00	0.00	0.00	202.00	0.00
arcC	0.00	0.00	96.00	0.00	0.00	25.00	10.00	99.00	35.00	0.00	0.00	0.00	0.00	0.00	0.00	0.00	0.00	0.00	0.00	0.00	84.00	0.00	32.00	0.00
arcD	79.00	0.00	15.00	20.00	0.00	64.00	22.00	31.00	30.00	0.00	0.00	0.00	0.00	0.00	0.00	0.00	0.00	0.00	0.00	0.00	44.00	0.00	168.00	0.00
arcR	0.00	0.00	169.00	0.00	0.00	0.00	115.00	87.00	110.00	0.00	0.00	0.00	0.00	0.00	0.00	0.00	0.00	0.00	0.00	0.00	20.00	0.00	0.00	0.00
argB	0.00	0.00	0.00	0.00	0.00	0.00	0.00	0.00	0.00	0.00	0.00	0.00	0.00	0.00	0.00	0.00	0.00	0.00	0.00	0.00	0.00	0.00	0.00	0.00
argC	0.00	0.00	0.00	0.00	0.00	17.00	0.00	0.00	0.00	0.00	0.00	0.00	0.00	0.00	0.00	0.00	0.00	0.00	0.00	0.00	0.00	0.00	0.00	0.00
argG	0.00	0.00	0.00	0.00	0.00	3.00	47.00	0.00	0.00	0.00	0.00	0.00	0.00	0.00	0.00	0.00	0.00	0.00	0.00	0.00	0.00	0.00	0.00	0.00
argH	0.00	0.00	0.00	0.00	0.00	13.00	55.00	0.00	0.00	0.00	0.00	0.00	0.00	48.00	0.00	0.00	0.00	0.00	0.00	0.00	21.00	0.00	0.00	0.00
argJ	0.00	0.00	0.00	0.00	0.00	0.00	0.00	0.00	0.00	0.00	0.00	0.00	0.00	0.00	0.00	0.00	0.00	0.00	0.00	26.00	0.00	0.00	0.00	0.00
argR	0.00	0.00	0.00	0.00	0.00	0.00	0.00	0.00	0.00	0.00	0.00	0.00	0.00	0.00	0.00	0.00	0.00	0.00	0.00	0.00	0.00	0.00	0.00	0.00
arlR	0.00	0.00	0.00	0.00	0.00	31.00	0.00	86.00	0.00	1.00	0.00	0.00	0.00	96.00	0.00	0.00	0.00	0.00	0.00	0.00	21.00	0.00	0.00	0.00
arlS	0.00	0.00	0.00	0.00	0.00	40.00	97.00	50.00	54.00	0.00	0.00	0.00	0.00	0.00	0.00	0.00	0.00	0.00	0.00	0.00	0.00	0.00	0.00	0.00
aroA	0.00	0.00	23.00	0.00	0.00	14.00	11.00	0.00	30.00	0.00	0.00	0.00	0.00	0.00	0.00	0.00	0.00	0.00	0.00	0.00	24.00	0.00	0.00	0.00
aroB	0.00	0.00	0.00	0.00	0.00	0.00	23.00	30.00	32.00	0.00	0.00	0.00	0.00	0.00	0.00	0.00	0.00	0.00	0.00	0.00	0.00	0.00	0.00	0.00
aroC	0.00	0.00	0.00	0.00	0.00	0.00	27.00	0.00	20.00	0.00	0.00	0.00	0.00	0.00	0.00	0.00	0.00	0.00	0.00	0.00	22.00	0.00	0.00	0.00
aroE	0.00	0.00	0.00	0.00	0.00	21.00	92.00	0.00	0.00	0.00	0.00	0.00	0.00	0.00	0.00	0.00	0.00	0.00	0.00	83.00	24.00	0.00	0.00	0.00
aroK	26.00	0.00	0.00	0.00	0.00	0.00	0.00	0.00	0.00	0.00	0.00	0.00	0.00	0.00	0.00	0.00	0.00	0.00	0.00	0.00	0.00	0.00	0.00	0.00
arsR	0.00	0.00	0.00	0.00	0.00	49.00	0.00	0.00	139.00	0.00	0.00	0.00	0.00	0.00	0.00	0.00	0.00	0.00	0.00	0.00	50.00	0.00	0.00	0.00
asd	0.00	0.00	0.00	0.00	0.00	0.00	0.00	0.00	0.00	0.00	0.00	0.00	0.00	0.00	0.00	0.00	0.00	0.00	0.00	0.00	0.00	0.00	0.00	0.00
asnC	0.00	0.00	0.00	0.00	0.00	18.00	0.00	35.00	72.00	0.00	0.00	0.00	0.00	0.00	0.00	0.00	0.00	0.00	0.00	0.00	44.00	0.00	0.00	0.00
asp23	0.00	0.00	0.00	0.00	0.00	0.00	405.00	0.00	107.00	0.00	0.00	0.00	217.00	0.00	0.00	0.00	0.00	0.00	0.00	0.00	220.00	0.00	0.00	0.00
atpA	0.00	0.00	15.00	34.00	0.00	146.00	191.00	0.00	44.00	0.00	0.00	0.00	132.00	0.00	0.00	0.00	0.00	0.00	0.00	12.00	34.00	0.00	85.00	0.00
atpB	0.00	0.00	103.00	0.00	0.00	21.00	138.00	187.00	41.00	0.00	0.00	0.00	149.00	0.00	0.00	0.00	0.00	0.00	0.00	0.00	132.00	0.00	0.00	0.00
atpC	0.00	0.00	0.00	0.00	0.00	62.00	33.00	99.00	0.00	0.00	0.00	0.00	0.00	0.00	0.00	0.00	0.00	0.00	0.00	0.00	54.00	0.00	0.00	0.00
atpD	0.00	0.00	155.00	0.00	0.00	211.00	148.00	44.00	39.00	0.00	0.00	1.00	78.00	0.00	0.00	0.00	0.00	0.00	0.00	0.00	91.00	0.00	166.00	0.00
atpE	0.00	0.00	0.00	0.00	0.00	0.00	185.00	399.00	0.00	0.00	0.00	0.00	0.00	0.00	0.00	0.00	0.00	0.00	0.00	0.00	0.00	0.00	0.00	0.00
atpF	0.00	0.00	203.00	0.00	0.00	148.00	0.00	0.00	63.00	0.00	0.00	0.00	16.00	0.00	0.00	0.00	0.00	0.00	0.00	0.00	128.00	0.00	0.00	0.00
atpG	0.00	0.00	27.00	0.00	0.00	169.00	96.00	0.00	22.00	0.00	0.00	1.00	0.00	0.00	0.00	0.00	0.00	0.00	0.00	0.00	68.00	0.00	348.00	0.00
atpH	0.00	0.00	207.00	0.00	0.00	244.00	49.00	0.00	0.00	0.00	0.00	0.00	0.00	0.00	0.00	0.00	0.00	0.00	0.00	0.00	41.00	0.00	0.00	0.00
aur	0.00	0.00	0.00	0.00	0.00	28.00	0.00	0.00	0.00	0.00	0.00	0.00	0.00	0.00	0.00	0.00	0.00	0.00	0.00	0.00	0.00	0.00	0.00	0.00
bccT	0.00	0.00	0.00	0.00	0.00	0.00	8.00	0.00	0.00	0.00	0.00	0.00	0.00	0.00	0.00	0.00	0.00	0.00	0.00	0.00	11.00	0.00	0.00	0.00
betA	0.00	0.00	0.00	0.00	0.00	0.00	0.00	0.00	0.00	0.00	0.00	0.00	0.00	0.00	0.00	0.00	0.00	0.00	0.00	0.00	18.00	0.00	0.00	0.00
betB	0.00	0.00	0.00	0.00	0.00	12.00	0.00	0.00	0.00	0.00	0.00	0.00	0.00	0.00	0.00	0.00	0.00	0.00	0.00	0.00	0.00	0.00	0.00	0.00
bglA	0.00	0.00	0.00	0.00	0.00	0.00	0.00	0.00	0.00	0.00	0.00	0.00	0.00	0.00	0.00	0.00	0.00	0.00	0.00	0.00	0.00	0.00	0.00	0.00
bioA	0.00	0.00	0.00	0.00	0.00	31.00	0.00	16.00	0.00	0.00	0.00	0.00	46.00	0.00	0.00	0.00	0.00	0.00	0.00	0.00	0.00	0.00	0.00	0.00
bioB	0.00	0.00	0.00	0.00	0.00	58.00	0.00	0.00	0.00	0.00	0.00	0.00	0.00	0.00	0.00	0.00	0.00	0.00	0.00	0.00	33.00	0.00	0.00	0.00
bioD	0.00	0.00	0.00	0.00	0.00	0.00	0.00	0.00	0.00	0.00	0.00	0.00	0.00	0.00	0.00	0.00	0.00	0.00	0.00	0.00	23.00	0.00	0.00	0.00
birA	0.00	0.00	0.00	0.00	0.00	23.00	18.00	41.00	0.00	0.00	0.00	0.00	0.00	0.00	0.00	0.00	0.00	0.00	0.00	0.00	18.00	0.00	0.00	0.00
brnQ	0.00	0.00	0.00	0.00	0.00	56.00	23.00	0.00	10.00	0.00	0.00	0.00	21.00	0.00	0.00	0.00	0.00	0.00	0.00	0.00	0.00	0.00	0.00	0.00
budA	0.00	0.00	0.00	0.00	0.00	40.00	0.00	0.00	0.00	0.00	0.00	0.00	0.00	0.00	0.00	0.00	0.00	0.00	0.00	0.00	36.00	0.00	0.00	0.00
cap1A	0.00	0.00	0.00	0.00	0.00	0.00	0.00	0.00	0.00	0.00	0.00	0.00	0.00	0.00	0.00	0.00	0.00	0.00	0.00	0.00	0.00	0.00	0.00	0.00
cap1B	0.00	0.00	0.00	0.00	0.00	45.00	0.00	0.00	0.00	0.00	0.00	0.00	0.00	0.00	0.00	0.00	0.00	0.00	0.00	0.00	0.00	0.00	0.00	0.00
cap1C	0.00	0.00	0.00	72.00	0.00	0.00	0.00	0.00	0.00	0.00	0.00	0.00	0.00	0.00	0.00	0.00	0.00	0.00	0.00	0.00	0.00	0.00	0.00	0.00
cbiO	0.00	0.00	0.00	0.00	0.00	88.00	0.00	0.00	0.00	0.00	0.00	0.00	0.00	0.00	0.00	0.00	0.00	0.00	0.00	0.00	0.00	0.00	0.00	0.00
ccrA	0.00	0.00	0.00	0.00	0.00	0.00	46.00	0.00	0.00	0.00	0.00	0.00	0.00	0.00	0.00	0.00	0.00	0.00	0.00	0.00	0.00	0.00	0.00	0.00
ccrB	0.00	0.00	0.00	0.00	0.00	0.00	0.00	16.00	0.00	0.00	0.00	0.00	0.00	0.00	0.00	0.00	0.00	0.00	0.00	0.00	16.00	0.00	0.00	0.00
cdd	0.00	0.00	175.00	0.00	0.00	0.00	0.00	0.00	0.00	0.00	0.00	0.00	15.00	0.00	0.00	0.00	0.00	0.00	0.00	0.00	87.00	0.00	0.00	0.00
cdr	0.00	0.00	35.00	0.00	0.00	20.00	54.00	29.00	57.00	0.00	0.00	0.00	32.00	0.00	0.00	0.00	0.00	0.00	0.00	0.00	0.00	0.00	0.00	0.00
cdsA	0.00	0.00	0.00	0.00	0.00	31.00	107.00	54.00	0.00	0.00	0.00	0.00	26.00	0.00	0.00	0.00	0.00	0.00	0.00	0.00	202.00	0.00	0.00	0.00
cidA	0.00	0.00	0.00	0.00	0.00	0.00	0.00	0.00	0.00	0.00	0.00	0.00	0.00	0.00	0.00	0.00	0.00	0.00	0.00	0.00	0.00	0.00	0.00	0.00
cidB	0.00	0.00	0.00	0.00	0.00	3.00	85.00	0.00	0.00	0.00	0.00	0.00	0.00	0.00	0.00	0.00	0.00	0.00	0.00	0.00	0.00	0.00	0.00	0.00
cidC	0.00	0.00	0.00	0.00	0.00	29.00	81.00	0.00	58.00	0.00	0.00	0.00	61.00	0.00	0.00	4.00	0.00	0.00	0.00	0.00	95.00	0.00	0.00	0.00
cinA	0.00	0.00	0.00	0.00	0.00	0.00	35.00	0.00	0.00	0.00	0.00	0.00	28.00	0.00	0.00	0.00	0.00	0.00	0.00	0.00	18.00	0.00	0.00	0.00
clfB	0.00	0.00	32.00	0.00	0.00	351.00	120.00	189.00	94.00	0.00	0.00	0.00	164.00	21.00	0.00	0.00	0.00	0.00	0.00	60.00	278.00	0.00	57.00	0.00
clpB	0.00	0.00	0.00	0.00	0.00	0.00	11.00	72.00	15.00	0.00	0.00	0.00	23.00	49.00	0.00	0.00	0.00	0.00	3.00	0.00	12.00	0.00	20.00	0.00
clpC	0.00	0.00	40.00	0.00	0.00	5.00	28.00	33.00	11.00	0.00	0.00	0.00	0.00	31.00	0.00	0.00	0.00	0.00	0.00	0.00	28.00	0.00	0.00	0.00
cls	0.00	0.00	0.00	0.00	0.00	0.00	0.00	0.00	0.00	0.00	0.00	0.00	0.00	0.00	0.00	0.00	0.00	0.00	0.00	0.00	0.00	0.00	0.00	0.00
cmk	0.00	0.00	0.00	0.00	0.00	0.00	45.00	0.00	0.00	0.00	0.00	0.00	0.00	0.00	0.00	0.00	0.00	0.00	0.00	0.00	0.00	0.00	0.00	0.00
coa	0.00	0.00	0.00	0.00	0.00	21.00	0.00	44.00	13.00	0.00	0.00	0.00	0.00	0.00	0.00	0.00	0.00	0.00	0.00	0.00	70.00	0.00	0.00	0.00
coaA	0.00	0.00	0.00	0.00	0.00	0.00	0.00	0.00	0.00	0.00	0.00	0.00	0.00	0.00	0.00	0.00	0.00	0.00	0.00	0.00	0.00	0.00	0.00	0.00
coaBC	0.00	0.00	0.00	0.00	0.00	17.00	13.00	0.00	0.00	0.00	0.00	0.00	0.00	0.00	0.00	0.00	0.00	0.00	0.00	0.00	16.00	0.00	0.00	0.00
cobI	0.00	0.00	0.00	0.00	0.00	0.00	0.00	0.00	0.00	0.00	0.00	0.00	0.00	0.00	0.00	0.00	0.00	0.00	0.00	0.00	0.00	0.00	0.00	0.00
codY	0.00	0.00	0.00	0.00	0.00	98.00	65.00	136.00	0.00	0.00	0.00	0.00	61.00	0.00	0.00	0.00	0.00	0.00	0.00	0.00	124.00	0.00	0.00	0.00
copA	0.00	0.00	11.00	0.00	0.00	21.00	21.00	0.00	0.00	0.00	0.00	0.00	26.00	14.00	0.00	0.00	0.00	0.00	0.00	8.00	106.00	0.00	0.00	0.00
corA	0.00	0.00	0.00	0.00	0.00	39.00	0.00	0.00	0.00	0.00	0.00	0.00	0.00	0.00	0.00	0.00	0.00	0.00	0.00	0.00	6.00	0.00	82.00	0.00
crr	0.00	0.00	0.00	0.00	0.00	176.00	209.00	108.00	66.00	0.00	0.00	0.00	0.00	0.00	0.00	0.00	0.00	0.00	0.00	0.00	255.00	0.00	0.00	0.00
crtM	0.00	0.00	0.00	0.00	0.00	0.00	36.00	88.00	0.00	0.00	0.00	0.00	0.00	0.00	0.00	0.00	0.00	0.00	0.00	0.00	0.00	0.00	0.00	0.00
crtN	0.00	0.00	0.00	0.00	0.00	0.00	26.00	28.00	15.00	0.00	0.00	0.00	0.00	0.00	0.00	0.00	0.00	0.00	0.00	0.00	0.00	0.00	0.00	0.00
ctpA	0.00	0.00	0.00	0.00	0.00	0.00	79.00	33.00	0.00	0.00	0.00	0.00	43.00	0.00	0.00	0.00	0.00	0.00	0.00	0.00	38.00	0.00	0.00	0.00
ctsR	0.00	0.00	0.00	0.00	0.00	0.00	0.00	0.00	0.00	0.00	0.00	0.00	146.00	0.00	0.00	0.00	0.00	0.00	0.00	0.00	0.00	0.00	0.00	0.00
cysE	0.00	0.00	0.00	0.00	0.00	0.00	0.00	0.00	0.00	0.00	0.00	0.00	12.00	0.00	0.00	0.00	0.00	0.00	0.00	0.00	0.00	0.00	0.00	0.00
cysK	0.00	0.00	0.00	0.00	0.00	157.00	172.00	37.00	134.00	0.00	0.00	0.00	0.00	0.00	0.00	0.00	0.00	0.00	0.00	0.00	124.00	0.00	0.00	0.00
cysM	0.00	0.00	0.00	0.00	0.00	0.00	26.00	46.00	0.00	0.00	0.00	0.00	0.00	0.00	0.00	0.00	0.00	0.00	0.00	0.00	0.00	0.00	0.00	0.00
cysS	0.00	0.00	0.00	25.00	0.00	31.00	92.00	40.00	33.00	0.00	0.00	0.00	75.00	0.00	0.00	0.00	0.00	0.00	0.00	0.00	30.00	0.00	0.00	0.00
dapA	0.00	0.00	0.00	0.00	0.00	0.00	0.00	51.00	0.00	0.00	0.00	0.00	0.00	0.00	0.00	0.00	0.00	0.00	0.00	0.00	0.00	0.00	0.00	0.00
dapB	0.00	0.00	0.00	0.00	0.00	0.00	0.00	0.00	0.00	0.00	0.00	0.00	0.00	0.00	0.00	0.00	0.00	0.00	0.00	0.00	0.00	0.00	0.00	0.00
dapD	0.00	0.00	0.00	0.00	0.00	0.00	0.00	0.00	0.00	0.00	0.00	0.00	0.00	0.00	0.00	0.00	0.00	0.00	0.00	0.00	0.00	0.00	0.00	0.00
ddh	0.00	0.00	0.00	0.00	0.00	0.00	13.00	0.00	0.00	0.00	0.00	0.00	0.00	0.00	0.00	0.00	0.00	0.00	0.00	0.00	0.00	0.00	0.00	0.00
ddl	0.00	0.00	0.00	0.00	0.00	55.00	28.00	30.00	80.00	0.00	0.00	0.00	0.00	0.00	0.00	0.00	0.00	0.00	0.00	0.00	89.00	0.00	0.00	0.00
def	0.00	0.00	0.00	0.00	0.00	0.00	0.00	0.00	40.00	0.00	0.00	0.00	0.00	0.00	0.00	0.00	0.00	0.00	0.00	0.00	0.00	0.00	0.00	0.00
deoB	0.00	0.00	32.00	0.00	0.00	20.00	0.00	43.00	97.00	0.00	0.00	0.00	0.00	0.00	0.00	0.00	0.00	0.00	0.00	24.00	102.00	0.00	0.00	0.00
deoC	0.00	0.00	294.00	0.00	0.00	0.00	0.00	0.00	0.00	0.00	0.00	0.00	0.00	0.00	0.00	0.00	0.00	0.00	0.00	0.00	0.00	31.00	37.00	0.00
deoD	0.00	0.00	0.00	0.00	0.00	33.00	0.00	0.00	0.00	0.00	0.00	0.00	0.00	0.00	0.00	0.00	0.00	0.00	0.00	0.00	0.00	0.00	0.00	0.00
dgkA	0.00	0.00	0.00	0.00	0.00	0.00	0.00	0.00	0.00	0.00	0.00	0.00	82.00	0.00	0.00	0.00	0.00	0.00	0.00	0.00	42.00	0.00	0.00	0.00
dltA	0.00	0.00	0.00	0.00	0.00	240.00	82.00	78.00	85.00	0.00	0.00	0.00	144.00	0.00	0.00	0.00	0.00	0.00	0.00	0.00	123.00	0.00	27.00	0.00
dltB	0.00	0.00	0.00	0.00	0.00	125.00	34.00	146.00	72.00	0.00	0.00	0.00	0.00	0.00	0.00	0.00	0.00	0.00	0.00	0.00	120.00	0.00	114.00	0.00
dltC	0.00	0.00	0.00	0.00	0.00	78.00	51.00	22.00	0.00	0.00	0.00	0.00	104.00	0.00	0.00	0.00	0.00	0.00	0.00	0.00	81.00	0.00	0.00	0.00
dltD	0.00	0.00	0.00	0.00	0.00	112.00	19.00	103.00	0.00	0.00	0.00	0.00	35.00	0.00	0.00	0.00	0.00	0.00	0.00	0.00	62.00	0.00	0.00	0.00
dnaA	0.00	0.00	0.00	0.00	0.00	82.00	21.00	33.00	0.00	0.00	0.00	0.00	0.00	0.00	0.00	0.00	0.00	0.00	0.00	0.00	18.00	0.00	0.00	0.00
dnaB	0.00	0.00	0.00	0.00	0.00	73.00	40.00	26.00	44.00	0.00	0.00	0.00	53.00	0.00	0.00	0.00	0.00	0.00	0.00	0.00	112.00	0.00	0.00	0.00
dnaG	0.00	0.00	0.00	0.00	0.00	102.00	153.00	91.00	20.00	0.00	0.00	0.00	41.00	0.00	0.00	0.00	0.00	0.00	0.00	0.00	26.00	0.00	0.00	0.00
dnaJ	194.00	0.00	0.00	133.00	0.00	22.00	80.00	78.00	0.00	0.00	0.00	0.00	33.00	0.00	0.00	0.00	0.00	0.00	0.00	0.00	78.00	0.00	0.00	0.00
dnaK	0.00	0.00	29.00	0.00	0.00	89.00	73.00	106.00	107.00	0.00	0.00	0.00	122.00	0.00	0.00	5.00	0.00	0.00	0.00	0.00	77.00	0.00	71.00	0.00
dnaN	0.00	0.00	0.00	0.00	0.00	0.00	20.00	0.00	0.00	0.00	0.00	0.00	40.00	0.00	0.00	0.00	0.00	0.00	0.00	0.00	0.00	0.00	0.00	0.00
dnaX	0.00	0.00	0.00	0.00	0.00	14.00	107.00	48.00	121.00	0.00	0.00	0.00	0.00	0.00	0.00	0.00	0.00	0.00	0.00	47.00	58.00	0.00	0.00	0.00
dprA	0.00	0.00	0.00	0.00	0.00	0.00	0.00	0.00	0.00	0.00	0.00	0.00	0.00	0.00	0.00	0.00	0.00	0.00	0.00	0.00	0.00	0.00	0.00	0.00
dps	0.00	0.00	0.00	0.00	0.00	460.00	672.00	0.00	356.00	0.00	0.00	0.00	598.00	0.00	0.00	8.00	0.00	0.00	0.00	0.00	311.00	0.00	0.00	0.00
ebpS	0.00	0.00	33.00	0.00	0.00	64.00	85.00	42.00	19.00	0.00	0.00	0.00	0.00	0.00	0.00	0.00	0.00	0.00	0.00	0.00	30.00	0.00	0.00	0.00
efp	0.00	0.00	0.00	0.00	0.00	40.00	58.00	0.00	97.00	0.00	0.00	0.00	0.00	0.00	0.00	0.00	0.00	0.00	0.00	0.00	0.00	0.00	0.00	0.00
engA	0.00	0.00	0.00	0.00	0.00	44.00	29.00	130.00	34.00	0.00	0.00	0.00	0.00	0.00	0.00	0.00	0.00	0.00	0.00	0.00	13.00	0.00	23.00	0.00
entB	0.00	0.00	0.00	0.00	0.00	0.00	0.00	0.00	0.00	0.00	0.00	0.00	0.00	0.00	0.00	0.00	0.00	0.00	0.00	0.00	0.00	0.00	0.00	0.00
era	0.00	0.00	73.00	0.00	0.00	0.00	87.00	31.00	18.00	0.00	0.00	0.00	0.00	370.00	0.00	0.00	0.00	0.00	0.00	0.00	2.00	0.00	0.00	0.00
estA	0.00	0.00	0.00	0.00	0.00	0.00	0.00	0.00	0.00	0.00	0.00	0.00	0.00	0.00	0.00	0.00	0.00	0.00	0.00	0.00	0.00	0.00	0.00	0.00
fabD	0.00	0.00	40.00	0.00	0.00	97.00	63.00	120.00	116.00	0.00	0.00	0.00	100.00	0.00	0.00	0.00	0.00	0.00	0.00	0.00	125.00	0.00	0.00	0.00
fabF	0.00	0.00	0.00	0.00	0.00	33.00	26.00	57.00	19.00	0.00	0.00	0.00	0.00	0.00	0.00	0.00	0.00	0.00	0.00	0.00	38.00	0.00	0.00	0.00
fabG	0.00	0.00	0.00	0.00	0.00	169.00	46.00	0.00	0.00	0.00	0.00	0.00	0.00	0.00	0.00	0.00	0.00	0.00	0.00	0.00	175.00	0.00	25.00	0.00
fabH	0.00	0.00	0.00	0.00	0.00	0.00	62.00	0.00	0.00	0.00	0.00	0.00	0.00	0.00	0.00	0.00	0.00	0.00	0.00	0.00	21.00	0.00	0.00	0.00
fabZ	0.00	0.00	0.00	0.00	0.00	97.00	0.00	0.00	0.00	0.00	0.00	0.00	0.00	0.00	0.00	0.00	0.00	0.00	0.00	0.00	0.00	0.00	0.00	0.00
fadD	0.00	0.00	0.00	0.00	0.00	0.00	0.00	0.00	0.00	0.00	0.00	0.00	0.00	0.00	0.00	0.00	0.00	0.00	0.00	0.00	0.00	0.00	0.00	0.00
fadE	0.00	0.00	0.00	0.00	0.00	0.00	0.00	0.00	0.00	0.00	0.00	0.00	0.00	0.00	0.00	0.00	0.00	0.00	0.00	0.00	0.00	0.00	0.00	0.00
fba	0.00	0.00	0.00	0.00	0.00	407.00	415.00	208.00	315.00	0.00	0.00	0.00	20.00	0.00	0.00	0.00	0.00	0.00	0.00	31.00	94.00	0.00	154.00	0.00
fdhD	0.00	0.00	0.00	0.00	0.00	0.00	0.00	0.00	0.00	0.00	0.00	0.00	52.00	0.00	0.00	0.00	0.00	0.00	0.00	0.00	0.00	0.00	0.00	0.00
femA	0.00	0.00	39.00	0.00	0.00	51.00	143.00	68.00	36.00	0.00	0.00	0.00	0.00	0.00	0.00	0.00	0.00	0.00	0.00	45.00	73.00	0.00	0.00	0.00
femB	0.00	0.00	0.00	0.00	0.00	39.00	92.00	108.00	80.00	0.00	0.00	0.00	0.00	0.00	0.00	0.00	0.00	0.00	0.00	0.00	85.00	0.00	0.00	0.00
feoA	0.00	0.00	0.00	0.00	0.00	0.00	71.00	0.00	0.00	0.00	0.00	0.00	0.00	0.00	0.00	0.00	0.00	0.00	0.00	0.00	0.00	0.00	0.00	0.00
feoB	0.00	0.00	0.00	0.00	0.00	0.00	0.00	0.00	0.00	0.00	0.00	0.00	0.00	0.00	0.00	0.00	0.00	0.00	0.00	0.00	30.00	0.00	10.00	0.00
ffh	0.00	0.00	39.00	0.00	0.00	0.00	64.00	115.00	126.00	0.00	0.00	0.00	0.00	0.00	0.00	0.00	0.00	0.00	0.00	17.00	113.00	0.00	25.00	0.00
fmhA	0.00	0.00	0.00	0.00	0.00	0.00	0.00	0.00	33.00	0.00	0.00	0.00	0.00	0.00	0.00	0.00	0.00	0.00	0.00	0.00	0.00	0.00	0.00	0.00
fmt	0.00	0.00	0.00	0.00	0.00	0.00	18.00	0.00	0.00	0.00	0.00	0.00	0.00	0.00	0.00	0.00	0.00	0.00	0.00	0.00	72.00	0.00	25.00	0.00
fmtB	0.00	0.00	0.00	0.00	0.00	0.00	0.00	0.00	0.00	0.00	0.00	0.00	0.00	0.00	0.00	0.00	0.00	0.00	0.00	0.00	0.00	0.00	0.00	0.00
fnbA	0.00	0.00	0.00	0.00	0.00	63.00	77.00	268.00	133.00	0.00	0.00	0.00	20.00	0.00	0.00	0.00	0.00	0.00	0.00	0.00	147.00	0.00	0.00	0.00
fnbB	0.00	0.00	0.00	0.00	0.00	97.00	66.00	130.00	67.00	0.00	0.00	0.00	8.00	0.00	0.00	0.00	0.00	0.00	0.00	0.00	160.00	0.00	0.00	0.00
fni	0.00	0.00	0.00	0.00	0.00	68.00	0.00	0.00	0.00	0.00	0.00	0.00	0.00	0.00	0.00	0.00	0.00	0.00	0.00	0.00	103.00	0.00	0.00	0.00
folA	0.00	0.00	0.00	0.00	0.00	0.00	152.00	0.00	0.00	0.00	0.00	0.00	0.00	0.00	0.00	0.00	0.00	0.00	0.00	0.00	67.00	0.00	0.00	0.00
folB	0.00	0.00	0.00	0.00	0.00	0.00	0.00	0.00	0.00	0.00	0.00	0.00	0.00	0.00	0.00	0.00	0.00	0.00	0.00	0.00	0.00	0.00	0.00	0.00
folK	0.00	0.00	0.00	0.00	0.00	121.00	0.00	75.00	0.00	0.00	0.00	0.00	0.00	0.00	0.00	0.00	0.00	0.00	0.00	0.00	91.00	0.00	0.00	0.00
folP	0.00	0.00	0.00	0.00	0.00	0.00	0.00	0.00	0.00	0.00	0.00	0.00	0.00	0.00	0.00	0.00	0.00	0.00	0.00	0.00	11.00	0.00	38.00	0.00
fosB	0.00	0.00	0.00	0.00	0.00	0.00	0.00	0.00	0.00	0.00	0.00	0.00	0.00	0.00	0.00	0.00	0.00	0.00	0.00	0.00	0.00	0.00	0.00	0.00
frp	0.00	0.00	0.00	0.00	0.00	35.00	0.00	0.00	44.00	0.00	0.00	0.00	0.00	0.00	0.00	0.00	0.00	0.00	0.00	0.00	0.00	0.00	0.00	0.00
frr	0.00	0.00	149.00	0.00	0.00	159.00	117.00	145.00	50.00	0.00	0.00	0.00	33.00	0.00	0.00	0.00	0.00	0.00	0.00	0.00	112.00	0.00	0.00	0.00
ftsK	0.00	0.00	21.00	0.00	0.00	61.00	79.00	67.00	11.00	0.00	0.00	0.00	31.00	7.00	0.00	0.00	0.00	0.00	0.00	0.00	54.00	0.00	0.00	0.00
ftsY	0.00	0.00	0.00	0.00	0.00	38.00	18.00	0.00	33.00	0.00	0.00	0.00	0.00	0.00	0.00	0.00	0.00	0.00	0.00	0.00	10.00	0.00	54.00	0.00
fur	0.00	0.00	0.00	0.00	0.00	0.00	68.00	0.00	0.00	0.00	0.00	0.00	0.00	0.00	0.00	0.00	0.00	0.00	0.00	0.00	0.00	0.00	7.00	0.00
galM	0.00	0.00	0.00	0.00	0.00	0.00	27.00	51.00	39.00	0.00	0.00	0.00	0.00	0.00	0.00	0.00	0.00	0.00	0.00	0.00	9.00	0.00	0.00	0.00
galU	0.00	0.00	0.00	0.00	0.00	0.00	0.00	0.00	0.00	0.00	0.00	0.00	0.00	0.00	0.00	0.00	0.00	0.00	0.00	0.00	0.00	0.00	0.00	0.00
gcvT	0.00	0.00	0.00	0.00	0.00	0.00	30.00	0.00	7.00	0.00	0.00	0.00	0.00	0.00	0.00	0.00	0.00	0.00	0.00	0.00	16.00	0.00	0.00	0.00
ggt	0.00	0.00	0.00	0.00	0.00	0.00	0.00	0.00	0.00	0.00	0.00	0.00	0.00	0.00	0.00	0.00	0.00	0.00	0.00	0.00	0.00	0.00	0.00	0.00
gid	0.00	0.00	0.00	0.00	0.00	40.00	140.00	54.00	22.00	0.00	0.00	0.00	44.00	0.00	0.00	0.00	0.00	0.00	0.00	6.00	164.00	0.00	14.00	0.00
gidA	0.00	0.00	0.00	0.00	0.00	37.00	28.00	28.00	38.00	0.00	0.00	0.00	0.00	0.00	0.00	0.00	0.00	0.00	0.00	0.00	30.00	0.00	0.00	0.00
gidB	0.00	0.00	0.00	0.00	0.00	155.00	66.00	138.00	0.00	0.00	0.00	0.00	0.00	0.00	0.00	0.00	0.00	0.00	0.00	0.00	37.00	0.00	0.00	0.00
glcU	0.00	0.00	0.00	0.00	0.00	0.00	137.00	0.00	0.00	0.00	0.00	0.00	0.00	0.00	0.00	0.00	0.00	0.00	0.00	0.00	48.00	0.00	0.00	0.00
glk	0.00	0.00	0.00	0.00	0.00	82.00	17.00	33.00	0.00	0.00	0.00	0.00	0.00	0.00	0.00	0.00	0.00	0.00	0.00	0.00	23.00	0.00	81.00	0.00
glmM	0.00	0.00	0.00	0.00	0.00	16.00	0.00	0.00	22.00	0.00	0.00	0.00	0.00	0.00	0.00	0.00	0.00	0.00	0.00	0.00	50.00	0.00	0.00	0.00
glmS	0.00	0.00	0.00	0.00	0.00	61.00	83.00	0.00	26.00	0.00	0.00	0.00	30.00	0.00	0.00	0.00	0.00	0.00	0.00	0.00	20.00	0.00	0.00	0.00
glmU	0.00	0.00	0.00	0.00	0.00	25.00	0.00	0.00	34.00	0.00	0.00	0.00	0.00	0.00	0.00	0.00	0.00	0.00	0.00	0.00	30.00	0.00	17.00	0.00
glnA	0.00	0.00	17.00	0.00	0.00	144.00	277.00	305.00	424.00	0.00	0.00	0.00	147.00	41.00	0.00	0.00	0.00	0.00	0.00	32.00	220.00	0.00	0.00	0.00
glnR	0.00	0.00	0.00	0.00	0.00	224.00	278.00	408.00	413.00	0.00	0.00	0.00	23.00	8.00	0.00	0.00	0.00	0.00	0.00	0.00	257.00	0.00	0.00	0.00
glpD	0.00	0.00	34.00	71.00	0.00	0.00	0.00	0.00	0.00	0.00	0.00	0.00	0.00	0.00	0.00	0.00	0.00	0.00	0.00	0.00	11.00	0.00	53.00	0.00
glpF	0.00	0.00	0.00	0.00	0.00	0.00	0.00	0.00	0.00	0.00	0.00	0.00	0.00	0.00	0.00	0.00	0.00	0.00	0.00	0.00	27.00	0.00	0.00	0.00
glpK	0.00	0.00	0.00	0.00	0.00	0.00	9.00	0.00	0.00	0.00	0.00	0.00	0.00	0.00	0.00	0.00	0.00	0.00	0.00	0.00	0.00	0.00	0.00	0.00
glpP	0.00	0.00	0.00	0.00	0.00	47.00	156.00	0.00	0.00	0.00	0.00	0.00	0.00	0.00	0.00	0.00	0.00	0.00	0.00	0.00	48.00	0.00	0.00	0.00
glpQ	0.00	0.00	0.00	0.00	0.00	0.00	0.00	0.00	0.00	0.00	0.00	0.00	0.00	0.00	0.00	0.00	0.00	0.00	0.00	0.00	0.00	0.00	0.00	0.00
gltB	0.00	0.00	33.00	0.00	0.00	0.00	17.00	0.00	10.00	0.00	0.00	0.00	0.00	0.00	0.00	0.00	0.00	0.00	0.00	0.00	0.00	0.00	0.00	0.00
gltC	0.00	0.00	0.00	0.00	0.00	0.00	0.00	0.00	0.00	0.00	0.00	0.00	0.00	0.00	0.00	0.00	0.00	0.00	0.00	0.00	0.00	0.00	0.00	0.00
gltD	0.00	0.00	15.00	0.00	0.00	0.00	0.00	34.00	0.00	0.00	0.00	0.00	0.00	0.00	0.00	0.00	0.00	0.00	0.00	0.00	0.00	0.00	0.00	0.00
gltS	0.00	0.00	0.00	0.00	0.00	37.00	14.00	0.00	0.00	0.00	0.00	0.00	0.00	0.00	0.00	0.00	0.00	0.00	0.00	0.00	0.00	0.00	0.00	0.00
gltT	0.00	0.00	0.00	0.00	0.00	223.00	258.00	67.00	176.00	0.00	0.00	0.00	11.00	0.00	0.00	0.00	0.00	0.00	0.00	0.00	114.00	0.00	0.00	0.00
gltX	0.00	0.00	0.00	0.00	0.00	30.00	60.00	69.00	18.00	0.00	0.00	0.00	30.00	56.00	0.00	0.00	0.00	0.00	0.00	0.00	14.00	0.00	0.00	0.00
glvC	0.00	0.00	0.00	0.00	0.00	0.00	15.00	0.00	0.00	0.00	0.00	0.00	0.00	0.00	0.00	0.00	0.00	0.00	0.00	0.00	0.00	0.00	0.00	0.00
glyA	0.00	0.00	0.00	0.00	0.00	86.00	84.00	29.00	51.00	0.00	0.00	0.00	0.00	0.00	0.00	0.00	0.00	0.00	0.00	0.00	92.00	0.00	44.00	0.00
glyS	0.00	0.00	0.00	0.00	0.00	57.00	81.00	12.00	112.00	0.00	0.00	0.00	3.00	0.00	0.00	0.00	0.00	0.00	0.00	0.00	63.00	0.00	0.00	0.00
gmk	0.00	0.00	0.00	0.00	0.00	84.00	241.00	0.00	34.00	0.00	0.00	0.00	0.00	0.00	0.00	0.00	0.00	0.00	0.00	0.00	229.00	0.00	29.00	0.00
gnd	0.00	0.00	0.00	0.00	0.00	52.00	88.00	0.00	41.00	0.00	0.00	0.00	0.00	0.00	0.00	0.00	0.00	0.00	0.00	0.00	148.00	0.00	0.00	0.00
gntK	0.00	0.00	0.00	0.00	0.00	0.00	0.00	0.00	0.00	0.00	0.00	0.00	0.00	0.00	0.00	0.00	0.00	0.00	0.00	0.00	22.00	0.00	29.00	0.00
gntP	0.00	0.00	0.00	0.00	0.00	31.00	0.00	0.00	0.00	0.00	0.00	0.00	0.00	0.00	0.00	0.00	0.00	0.00	0.00	0.00	0.00	0.00	0.00	0.00
gntR	0.00	0.00	0.00	0.00	0.00	0.00	0.00	0.00	0.00	0.00	0.00	0.00	0.00	0.00	0.00	0.00	0.00	0.00	0.00	0.00	0.00	0.00	0.00	0.00
gpmA	0.00	0.00	0.00	0.00	0.00	0.00	126.00	53.00	86.00	0.00	0.00	0.00	0.00	0.00	0.00	0.00	0.00	0.00	0.00	0.00	124.00	0.00	0.00	0.00
gpsA	0.00	0.00	0.00	0.00	0.00	236.00	26.00	120.00	107.00	0.00	0.00	0.00	0.00	0.00	0.00	0.00	0.00	0.00	0.00	0.00	121.00	0.00	69.00	0.00
grpE	0.00	0.00	0.00	0.00	0.00	244.00	80.00	57.00	257.00	0.00	0.00	1.00	79.00	0.00	0.00	0.00	0.00	0.00	0.00	0.00	108.00	0.00	0.00	0.00
guaA	0.00	0.00	0.00	0.00	0.00	39.00	25.00	107.00	23.00	0.00	0.00	0.00	18.00	0.00	0.00	0.00	0.00	0.00	0.00	0.00	27.00	0.00	0.00	0.00
guaC	0.00	0.00	0.00	0.00	0.00	0.00	0.00	0.00	0.00	0.00	0.00	0.00	0.00	0.00	0.00	0.00	0.00	0.00	0.00	0.00	0.00	0.00	0.00	0.00
gudB	0.00	0.00	29.00	0.00	0.00	0.00	48.00	0.00	10.00	0.00	0.00	0.00	72.00	0.00	0.00	0.00	0.00	0.00	0.00	0.00	0.00	0.00	0.00	0.00
gutB	0.00	0.00	0.00	0.00	0.00	0.00	0.00	0.00	0.00	0.00	0.00	0.00	0.00	0.00	0.00	0.00	0.00	0.00	0.00	0.00	0.00	0.00	0.00	0.00
gyrA	0.00	0.00	45.00	0.00	0.00	67.00	18.00	72.00	9.00	0.00	0.00	0.00	13.00	0.00	0.00	0.00	0.00	0.00	0.00	0.00	13.00	0.00	10.00	0.00
gyrB	20.00	0.00	0.00	51.00	0.00	83.00	93.00	100.00	36.00	0.00	0.00	0.00	12.00	0.00	0.00	0.00	0.00	0.00	0.00	0.00	50.00	0.00	69.00	0.00
hfq	0.00	0.00	0.00	0.00	0.00	0.00	0.00	0.00	0.00	0.00	0.00	0.00	0.00	0.00	0.00	0.00	0.00	0.00	0.00	0.00	0.00	0.00	0.00	0.00
hisA	0.00	0.00	0.00	0.00	0.00	0.00	0.00	0.00	0.00	0.00	0.00	0.00	0.00	0.00	0.00	0.00	0.00	0.00	0.00	0.00	30.00	0.00	0.00	0.00
hisB	0.00	0.00	0.00	0.00	0.00	0.00	0.00	40.00	0.00	0.00	0.00	0.00	0.00	0.00	0.00	0.00	0.00	0.00	0.00	0.00	0.00	0.00	0.00	0.00
hisC	0.00	0.00	0.00	0.00	0.00	0.00	0.00	0.00	0.00	0.00	0.00	0.00	0.00	0.00	0.00	0.00	0.00	0.00	0.00	0.00	0.00	0.00	0.00	0.00
hisD	0.00	0.00	0.00	0.00	0.00	0.00	0.00	0.00	0.00	0.00	0.00	0.00	58.00	0.00	0.00	0.00	0.00	0.00	0.00	0.00	0.00	0.00	0.00	0.00
hisF	0.00	0.00	0.00	0.00	0.00	0.00	0.00	0.00	0.00	0.00	0.00	0.00	0.00	0.00	0.00	0.00	0.00	0.00	0.00	0.00	7.00	0.00	0.00	0.00
hisG	0.00	0.00	0.00	0.00	0.00	0.00	0.00	0.00	0.00	0.00	0.00	0.00	0.00	0.00	0.00	0.00	0.00	0.00	0.00	0.00	0.00	0.00	0.00	0.00
hisH	0.00	0.00	0.00	0.00	0.00	0.00	0.00	0.00	0.00	0.00	0.00	0.00	0.00	0.00	0.00	0.00	0.00	0.00	0.00	0.00	0.00	0.00	0.00	0.00
hisIE	0.00	0.00	0.00	0.00	0.00	0.00	0.00	0.00	0.00	0.00	0.00	0.00	0.00	0.00	0.00	0.00	0.00	0.00	0.00	0.00	0.00	0.00	0.00	0.00
hisZ	0.00	0.00	0.00	0.00	0.00	0.00	0.00	0.00	0.00	0.00	0.00	0.00	0.00	0.00	0.00	0.00	0.00	0.00	0.00	0.00	0.00	0.00	0.00	0.00
hlgA	0.00	0.00	0.00	43.00	0.00	0.00	0.00	0.00	59.00	0.00	0.00	0.00	0.00	0.00	0.00	0.00	0.00	0.00	0.00	0.00	0.00	0.00	0.00	0.00
hlgB	0.00	0.00	0.00	0.00	0.00	86.00	194.00	137.00	40.00	0.00	0.00	0.00	0.00	0.00	0.00	0.00	0.00	0.00	0.00	0.00	84.00	0.00	0.00	0.00
hlgC	0.00	0.00	32.00	101.00	0.00	71.00	14.00	39.00	0.00	0.00	0.00	0.00	0.00	0.00	0.00	0.00	0.00	0.00	0.00	0.00	194.00	0.00	0.00	0.00
holA	0.00	0.00	0.00	0.00	0.00	85.00	32.00	0.00	42.00	0.00	0.00	0.00	22.00	0.00	0.00	0.00	0.00	0.00	0.00	0.00	0.00	0.00	0.00	0.00
holB	0.00	0.00	0.00	0.00	0.00	87.00	35.00	0.00	0.00	0.00	0.00	0.00	0.00	0.00	0.00	0.00	0.00	0.00	0.00	0.00	18.00	0.00	80.00	0.00
hpt	0.00	0.00	0.00	0.00	0.00	33.00	85.00	0.00	31.00	0.00	0.00	0.00	0.00	0.00	0.00	0.00	0.00	0.00	0.00	0.00	50.00	0.00	0.00	0.00
hrcA	0.00	0.00	0.00	0.00	0.00	67.00	56.00	94.00	98.00	0.00	0.00	3.00	0.00	96.00	0.00	0.00	0.00	0.00	0.00	0.00	82.00	0.00	0.00	0.00
hsdM	0.00	0.00	0.00	0.00	0.00	59.00	7.00	0.00	0.00	0.00	0.00	0.00	0.00	0.00	0.00	0.00	0.00	0.00	0.00	0.00	16.00	0.00	0.00	0.00
hsdR	0.00	0.00	0.00	0.00	0.00	0.00	4.00	0.00	0.00	0.00	0.00	0.00	0.00	0.00	0.00	0.00	0.00	0.00	0.00	30.00	5.00	0.00	11.00	0.00
hslO	0.00	0.00	0.00	0.00	0.00	20.00	63.00	108.00	24.00	0.00	0.00	0.00	55.00	100.00	0.00	0.00	0.00	0.00	0.00	0.00	234.00	0.00	0.00	0.00
hslU	0.00	0.00	0.00	0.00	0.00	83.00	159.00	71.00	170.00	0.00	0.00	0.00	109.00	0.00	0.00	0.00	0.00	0.00	0.00	0.00	85.00	0.00	35.00	0.00
hslV	0.00	0.00	215.00	163.00	0.00	39.00	40.00	0.00	0.00	0.00	0.00	0.00	0.00	0.00	0.00	0.00	0.00	0.00	0.00	0.00	29.00	0.00	0.00	0.00
htrA	0.00	0.00	25.00	0.00	0.00	0.00	5.00	0.00	13.00	0.00	0.00	0.00	0.00	0.00	0.00	0.00	0.00	0.00	0.00	0.00	48.00	0.00	0.00	0.00
hup	0.00	0.00	204.00	0.00	0.00	643.00	1947.00	243.00	1113.00	3.00	0.00	0.00	864.00	232.00	0.00	0.00	0.00	0.00	0.00	687.00	1009.00	0.00	0.00	0.00
hutG	0.00	0.00	0.00	0.00	0.00	0.00	0.00	0.00	0.00	0.00	0.00	0.00	0.00	0.00	0.00	0.00	0.00	0.00	0.00	0.00	0.00	0.00	0.00	0.00
hutH	0.00	0.00	0.00	0.00	0.00	0.00	0.00	0.00	0.00	0.00	0.00	0.00	0.00	0.00	0.00	0.00	0.00	0.00	0.00	0.00	0.00	0.00	0.00	0.00
hutI	0.00	0.00	0.00	0.00	0.00	0.00	0.00	0.00	0.00	0.00	0.00	0.00	0.00	0.00	0.00	0.00	0.00	0.00	0.00	0.00	0.00	0.00	0.00	0.00
hutU	0.00	0.00	0.00	0.00	0.00	0.00	14.00	0.00	0.00	0.00	0.00	0.00	0.00	0.00	0.00	0.00	0.00	0.00	0.00	0.00	0.00	0.00	27.00	0.00
hysA	0.00	0.00	0.00	0.00	0.00	11.00	0.00	0.00	11.00	0.00	0.00	0.00	0.00	0.00	0.00	0.00	0.00	0.00	0.00	0.00	3.00	0.00	0.00	0.00
icaA	0.00	0.00	0.00	0.00	0.00	0.00	0.00	0.00	0.00	0.00	0.00	0.00	0.00	0.00	0.00	0.00	0.00	0.00	0.00	0.00	0.00	0.00	0.00	0.00
icaB	0.00	0.00	0.00	0.00	0.00	0.00	0.00	0.00	0.00	0.00	0.00	0.00	0.00	0.00	0.00	0.00	0.00	0.00	0.00	0.00	0.00	0.00	0.00	0.00
icaC	0.00	0.00	0.00	0.00	0.00	0.00	0.00	0.00	0.00	0.00	0.00	0.00	0.00	0.00	0.00	0.00	0.00	0.00	0.00	0.00	0.00	0.00	0.00	0.00
ilvA	0.00	0.00	0.00	29.00	0.00	0.00	7.00	1.00	55.00	0.00	0.00	0.00	0.00	0.00	0.00	0.00	0.00	0.00	0.00	0.00	32.00	0.00	185.00	0.00
infA	0.00	0.00	0.00	0.00	0.00	893.00	199.00	366.00	163.00	0.00	0.00	0.00	246.00	0.00	0.00	0.00	0.00	0.00	0.00	0.00	170.00	0.00	0.00	0.00
infB	0.00	0.00	8.00	0.00	0.00	48.00	63.00	0.00	63.00	0.00	0.00	0.00	30.00	0.00	0.00	0.00	0.00	0.00	0.00	0.00	180.00	0.00	0.00	0.00
ipdC	0.00	0.00	0.00	0.00	0.00	0.00	30.00	0.00	0.00	0.00	0.00	0.00	0.00	0.00	0.00	0.00	0.00	0.00	0.00	0.00	0.00	0.00	0.00	0.00
ipk	0.00	0.00	96.00	0.00	0.00	58.00	70.00	0.00	68.00	0.00	0.00	0.00	0.00	170.00	0.00	0.00	0.00	0.00	0.00	0.00	35.00	0.00	0.00	0.00
isaA	0.00	0.00	101.00	0.00	0.00	772.00	1801.00	253.00	1298.00	0.00	0.00	0.00	227.00	0.00	0.00	0.00	0.00	0.00	0.00	0.00	834.00	0.00	34.00	0.00
isaB	0.00	0.00	0.00	0.00	0.00	0.00	0.00	0.00	0.00	0.00	0.00	0.00	0.00	0.00	0.00	0.00	0.00	0.00	0.00	0.00	0.00	0.00	0.00	0.00
ispD	0.00	0.00	0.00	0.00	0.00	49.00	67.00	0.00	71.00	0.00	0.00	0.00	0.00	0.00	0.00	0.00	0.00	0.00	0.00	0.00	4.00	0.00	82.00	0.00
kdpA	0.00	0.00	15.00	0.00	0.00	13.00	0.00	0.00	0.00	0.00	0.00	0.00	0.00	0.00	0.00	0.00	0.00	0.00	0.00	0.00	0.00	0.00	0.00	0.00
kdpB	0.00	0.00	0.00	0.00	0.00	0.00	0.00	0.00	0.00	0.00	0.00	0.00	0.00	0.00	0.00	0.00	0.00	0.00	0.00	0.00	0.00	0.00	0.00	0.00
kdpC	0.00	0.00	0.00	0.00	0.00	0.00	0.00	0.00	0.00	0.00	0.00	0.00	0.00	0.00	0.00	0.00	0.00	0.00	0.00	0.00	0.00	0.00	0.00	0.00
kdpD	0.00	0.00	9.00	0.00	0.00	16.00	0.00	0.00	0.00	1.00	0.00	0.00	0.00	0.00	0.00	0.00	0.00	0.00	0.00	0.00	4.00	0.00	0.00	0.00
kdpE	0.00	0.00	0.00	0.00	0.00	0.00	0.00	0.00	32.00	0.00	0.00	0.00	0.00	0.00	0.00	0.00	0.00	0.00	0.00	0.00	0.00	0.00	0.00	0.00
ksgA	0.00	0.00	0.00	0.00	0.00	52.00	0.00	0.00	0.00	0.00	0.00	0.00	0.00	0.00	0.00	0.00	0.00	0.00	0.00	0.00	0.00	0.00	0.00	0.00
lacA	0.00	0.00	0.00	0.00	0.00	0.00	0.00	0.00	0.00	0.00	0.00	0.00	0.00	0.00	0.00	0.00	0.00	0.00	0.00	0.00	0.00	0.00	0.00	0.00
lacB	0.00	0.00	0.00	0.00	0.00	0.00	0.00	0.00	0.00	0.00	0.00	0.00	0.00	0.00	0.00	0.00	0.00	0.00	0.00	0.00	0.00	0.00	0.00	0.00
lacC	0.00	0.00	0.00	0.00	0.00	0.00	0.00	0.00	0.00	0.00	0.00	0.00	0.00	0.00	0.00	0.00	0.00	0.00	0.00	0.00	0.00	0.00	0.00	0.00
lacD	0.00	0.00	0.00	0.00	0.00	0.00	0.00	0.00	0.00	0.00	0.00	0.00	0.00	0.00	0.00	0.00	0.00	0.00	0.00	0.00	0.00	0.00	0.00	0.00
lacE	0.00	0.00	0.00	0.00	0.00	0.00	0.00	0.00	0.00	0.00	0.00	0.00	0.00	0.00	0.00	0.00	0.00	0.00	0.00	0.00	0.00	0.00	0.00	0.00
lacF	0.00	0.00	0.00	0.00	0.00	0.00	0.00	0.00	0.00	0.00	0.00	0.00	0.00	0.00	0.00	0.00	0.00	0.00	0.00	0.00	0.00	0.00	0.00	0.00
lacG	0.00	0.00	0.00	0.00	0.00	0.00	0.00	0.00	0.00	0.00	0.00	0.00	0.00	0.00	0.00	0.00	0.00	0.00	0.00	0.00	0.00	0.00	0.00	0.00
lctP	0.00	0.00	20.00	0.00	0.00	19.00	15.00	18.00	0.00	0.00	0.00	0.00	0.00	0.00	0.00	0.00	0.00	0.00	0.00	0.00	11.00	0.00	0.00	0.00
lepA	0.00	0.00	49.00	0.00	0.00	92.00	27.00	85.00	28.00	0.00	0.00	0.00	16.00	0.00	0.00	0.00	0.00	0.00	0.00	0.00	80.00	0.00	37.00	0.00
lip	0.00	0.00	0.00	0.00	0.00	0.00	0.00	0.00	10.00	0.00	0.00	0.00	0.00	0.00	0.00	0.00	0.00	0.00	0.00	0.00	0.00	0.00	0.00	0.00
lipA	0.00	0.00	0.00	0.00	0.00	68.00	70.00	26.00	27.00	0.00	0.00	0.00	76.00	0.00	0.00	0.00	0.00	0.00	0.00	0.00	173.00	0.00	28.00	3.00
lpdA	0.00	0.00	19.00	0.00	0.00	52.00	41.00	67.00	0.00	0.00	0.00	0.00	51.00	0.00	0.00	0.00	0.00	0.00	0.00	0.00	12.00	0.00	0.00	0.00
lpl3	0.00	0.00	0.00	0.00	0.00	0.00	0.00	0.00	0.00	0.00	0.00	0.00	0.00	0.00	0.00	0.00	0.00	0.00	0.00	0.00	0.00	0.00	0.00	0.00
lukF-PV	0.00	0.00	323.00	68.00	0.00	1232.00	2312.00	508.00	739.00	0.00	0.00	0.00	165.00	0.00	3.00	0.00	0.00	0.00	0.00	0.00	894.00	0.00	0.00	0.00
lukS-PV	0.00	0.00	390.00	188.00	0.00	1346.00	1450.00	371.00	519.00	0.00	0.00	0.00	88.00	0.00	0.00	0.00	0.00	0.00	0.00	0.00	1239.00	0.00	0.00	0.00
luxS	0.00	0.00	0.00	0.00	0.00	0.00	17.00	0.00	0.00	0.00	0.00	0.00	0.00	0.00	0.00	0.00	0.00	0.00	0.00	0.00	0.00	0.00	0.00	0.00
lysA	0.00	0.00	0.00	0.00	0.00	0.00	0.00	0.00	0.00	0.00	0.00	0.00	0.00	0.00	0.00	0.00	0.00	0.00	0.00	0.00	0.00	0.00	0.00	0.00
lysS	0.00	0.00	0.00	0.00	0.00	37.00	11.00	58.00	89.00	0.00	0.00	0.00	21.00	0.00	0.00	0.00	0.00	0.00	0.00	0.00	123.00	0.00	0.00	0.00
lytM	0.00	0.00	0.00	0.00	0.00	0.00	87.00	0.00	44.00	0.00	0.00	0.00	0.00	0.00	0.00	0.00	0.00	0.00	0.00	0.00	96.00	0.00	0.00	0.00
lytN	0.00	0.00	0.00	0.00	0.00	0.00	0.00	0.00	0.00	0.00	0.00	0.00	0.00	0.00	0.00	0.00	0.00	0.00	0.00	0.00	0.00	0.00	0.00	0.00
malR	0.00	0.00	0.00	0.00	0.00	0.00	0.00	0.00	0.00	0.00	0.00	0.00	0.00	0.00	0.00	0.00	0.00	0.00	0.00	0.00	0.00	0.00	51.00	0.00
manA	0.00	0.00	0.00	0.00	0.00	47.00	0.00	0.00	0.00	0.00	0.00	0.00	0.00	0.00	0.00	0.00	0.00	0.00	0.00	0.00	0.00	0.00	0.00	0.00
metB	0.00	0.00	0.00	0.00	0.00	0.00	0.00	27.00	0.00	0.00	0.00	0.00	0.00	0.00	0.00	0.00	0.00	0.00	0.00	0.00	47.00	0.00	0.00	0.00
metS	0.00	0.00	0.00	0.00	0.00	27.00	21.00	31.00	7.00	0.00	0.00	0.00	0.00	0.00	0.00	0.00	0.00	0.00	0.00	0.00	28.00	0.00	0.00	0.00
mfd	0.00	0.00	14.00	0.00	0.00	26.00	40.00	18.00	0.00	0.00	0.00	0.00	0.00	0.00	0.00	0.00	0.00	0.00	0.00	8.00	34.00	0.00	8.00	0.00
mgtE	0.00	0.00	0.00	0.00	0.00	41.00	13.00	19.00	23.00	0.00	0.00	0.00	0.00	0.00	0.00	0.00	0.00	0.00	0.00	0.00	0.00	0.00	0.00	0.00
miaA	0.00	0.00	0.00	0.00	0.00	0.00	0.00	0.00	0.00	0.00	0.00	0.00	0.00	0.00	0.00	0.00	0.00	0.00	0.00	0.00	0.00	0.00	0.00	0.00
miaB	0.00	0.00	0.00	0.00	0.00	12.00	25.00	22.00	49.00	0.00	0.00	0.00	0.00	0.00	0.00	0.00	0.00	0.00	0.00	0.00	10.00	0.00	0.00	0.00
mnhA	0.00	0.00	0.00	0.00	0.00	12.00	73.00	68.00	42.00	0.00	0.00	0.00	0.00	0.00	0.00	0.00	0.00	0.00	0.00	0.00	56.00	0.00	0.00	0.00
mnhB	0.00	0.00	0.00	0.00	0.00	0.00	0.00	0.00	0.00	0.00	0.00	0.00	0.00	0.00	0.00	0.00	0.00	0.00	0.00	0.00	49.00	0.00	0.00	0.00
mnhC	0.00	0.00	0.00	0.00	0.00	0.00	0.00	0.00	0.00	0.00	0.00	0.00	0.00	0.00	0.00	0.00	0.00	0.00	0.00	0.00	0.00	0.00	0.00	0.00
mnhD	0.00	0.00	22.00	0.00	0.00	76.00	105.00	0.00	42.00	0.00	0.00	0.00	0.00	0.00	0.00	0.00	0.00	0.00	0.00	0.00	0.00	0.00	0.00	0.00
mnhE	0.00	0.00	0.00	0.00	0.00	0.00	40.00	0.00	0.00	0.00	0.00	0.00	0.00	0.00	0.00	0.00	0.00	0.00	0.00	0.00	0.00	0.00	0.00	0.00
mnhF	0.00	0.00	93.00	0.00	0.00	82.00	0.00	0.00	100.00	0.00	0.00	0.00	0.00	0.00	0.00	0.00	0.00	0.00	0.00	0.00	0.00	0.00	0.00	0.00
mnhG	0.00	0.00	0.00	0.00	0.00	0.00	0.00	0.00	79.00	0.00	0.00	0.00	0.00	0.00	0.00	0.00	0.00	0.00	0.00	0.00	0.00	0.00	0.00	0.00
moaA	0.00	0.00	0.00	0.00	0.00	25.00	0.00	0.00	21.00	0.00	0.00	0.00	0.00	0.00	0.00	0.00	0.00	0.00	0.00	0.00	27.00	0.00	0.00	0.00
moaB	0.00	0.00	0.00	0.00	0.00	37.00	6.00	0.00	0.00	0.00	0.00	0.00	0.00	0.00	0.00	0.00	0.00	0.00	0.00	0.00	0.00	0.00	0.00	0.00
moaC	0.00	0.00	0.00	0.00	0.00	65.00	55.00	0.00	0.00	0.00	0.00	0.00	0.00	0.00	0.00	0.00	0.00	0.00	0.00	0.00	0.00	0.00	0.00	0.00
moaD	0.00	0.00	0.00	0.00	0.00	0.00	0.00	104.00	0.00	0.00	0.00	0.00	0.00	0.00	0.00	0.00	0.00	0.00	0.00	0.00	0.00	0.00	0.00	0.00
moaE	0.00	0.00	0.00	0.00	0.00	0.00	0.00	68.00	0.00	0.00	0.00	0.00	0.00	0.00	0.00	0.00	0.00	0.00	0.00	0.00	56.00	0.00	0.00	0.00
mobA	0.00	0.00	0.00	0.00	0.00	0.00	32.00	0.00	0.00	0.00	0.00	0.00	0.00	0.00	0.00	0.00	0.00	0.00	0.00	0.00	0.00	0.00	0.00	0.00
mobB	0.00	0.00	0.00	0.00	0.00	38.00	0.00	51.00	0.00	0.00	0.00	0.00	0.00	0.00	0.00	0.00	0.00	0.00	0.00	0.00	50.00	0.00	0.00	0.00
modA	0.00	0.00	0.00	0.00	0.00	0.00	0.00	0.00	0.00	0.00	0.00	0.00	0.00	0.00	0.00	0.00	0.00	0.00	0.00	0.00	0.00	0.00	0.00	0.00
modB	0.00	0.00	0.00	0.00	0.00	0.00	23.00	0.00	0.00	0.00	0.00	0.00	0.00	73.00	0.00	0.00	0.00	0.00	0.00	0.00	104.00	0.00	9.00	0.00
modC	0.00	0.00	0.00	0.00	0.00	0.00	95.00	0.00	38.00	0.00	0.00	0.00	0.00	0.00	0.00	0.00	0.00	0.00	0.00	0.00	28.00	0.00	55.00	0.00
moeA	0.00	0.00	150.00	0.00	0.00	52.00	0.00	0.00	0.00	0.00	0.00	0.00	0.00	0.00	0.00	0.00	0.00	0.00	0.00	0.00	19.00	0.00	0.00	0.00
moeB	0.00	0.00	63.00	0.00	0.00	15.00	11.00	0.00	0.00	0.00	0.00	0.00	0.00	0.00	0.00	0.00	0.00	0.00	0.00	0.00	0.00	0.00	0.00	0.00
mqo	29.00	0.00	92.00	0.00	0.00	192.00	188.00	21.00	167.00	0.00	0.00	0.00	17.00	0.00	0.00	0.00	0.00	0.00	0.00	0.00	41.00	0.00	0.00	0.00
msrA	0.00	0.00	0.00	0.00	0.00	0.00	0.00	0.00	0.00	0.00	0.00	0.00	0.00	0.00	0.00	0.00	0.00	0.00	0.00	0.00	0.00	0.00	0.00	0.00
msrB	0.00	0.00	92.00	174.00	0.00	96.00	473.00	93.00	149.00	0.00	0.00	0.00	0.00	0.00	0.00	0.00	0.00	0.00	0.00	0.00	332.00	0.00	0.00	0.00
mtlA	0.00	0.00	22.00	0.00	0.00	0.00	0.00	0.00	0.00	0.00	0.00	0.00	0.00	0.00	0.00	0.00	0.00	0.00	0.00	0.00	0.00	0.00	0.00	0.00
mtlD	0.00	0.00	32.00	0.00	0.00	0.00	0.00	0.00	0.00	0.00	0.00	0.00	19.00	0.00	0.00	0.00	0.00	0.00	0.00	0.00	0.00	0.00	0.00	0.00
mtlF	0.00	0.00	61.00	0.00	0.00	0.00	0.00	0.00	17.00	0.00	0.00	0.00	0.00	0.00	0.00	0.00	0.00	0.00	0.00	0.00	0.00	0.00	0.00	0.00
mtnN	0.00	0.00	0.00	0.00	0.00	0.00	31.00	0.00	0.00	0.00	0.00	0.00	0.00	0.00	0.00	0.00	0.00	0.00	0.00	0.00	0.00	0.00	0.00	0.00
murA	0.00	0.00	0.00	0.00	0.00	28.00	138.00	0.00	0.00	0.00	0.00	0.00	0.00	0.00	0.00	0.00	0.00	0.00	0.00	0.00	96.00	0.00	0.00	0.00
murE	0.00	0.00	0.00	0.00	0.00	27.00	21.00	21.00	49.00	0.00	0.00	0.00	22.00	0.00	0.00	0.00	0.00	0.00	0.00	0.00	14.00	0.00	0.00	0.00
murF	0.00	0.00	0.00	21.00	0.00	0.00	22.00	64.00	45.00	0.00	0.00	0.00	0.00	0.00	0.00	0.00	0.00	0.00	0.00	0.00	45.00	0.00	0.00	0.00
murG	0.00	0.00	0.00	0.00	0.00	0.00	0.00	0.00	0.00	0.00	0.00	0.00	0.00	22.00	0.00	0.00	0.00	0.00	0.00	0.00	0.00	0.00	0.00	0.00
murQ	0.00	0.00	99.00	0.00	0.00	0.00	0.00	0.00	0.00	0.00	0.00	0.00	0.00	0.00	0.00	0.00	0.00	0.00	0.00	0.00	0.00	0.00	0.00	0.00
mutL	0.00	0.00	39.00	0.00	0.00	28.00	36.00	57.00	0.00	0.00	0.00	0.00	22.00	0.00	0.00	0.00	0.00	0.00	0.00	0.00	44.00	0.00	0.00	0.00
mutS	0.00	0.00	0.00	0.00	0.00	9.00	0.00	13.00	25.00	0.00	0.00	0.00	26.00	0.00	0.00	0.00	0.00	0.00	0.00	0.00	79.00	0.00	0.00	0.00
nadD	0.00	0.00	0.00	0.00	0.00	92.00	0.00	0.00	0.00	0.00	0.00	0.00	0.00	0.00	0.00	0.00	0.00	0.00	0.00	0.00	72.00	0.00	0.00	0.00
name	0.00	0.00	0.00	0.00	0.00	0.00	0.00	0.00	0.00	0.00	0.00	0.00	0.00	0.00	0.00	0.00	0.00	0.00	0.00	0.00	0.00	0.00	0.00	0.00
narH	0.00	0.00	0.00	0.00	0.00	0.00	0.00	0.00	0.00	0.00	0.00	0.00	0.00	0.00	0.00	0.00	0.00	0.00	0.00	0.00	0.00	0.00	0.00	0.00
narI	0.00	0.00	209.00	0.00	0.00	0.00	30.00	0.00	0.00	0.00	0.00	0.00	0.00	0.00	0.00	0.00	0.00	0.00	0.00	0.00	0.00	0.00	0.00	0.00
narJ	0.00	0.00	0.00	0.00	0.00	0.00	0.00	0.00	0.00	0.00	0.00	0.00	0.00	0.00	0.00	0.00	0.00	0.00	0.00	0.00	0.00	0.00	0.00	0.00
narK	0.00	0.00	52.00	0.00	0.00	0.00	0.00	0.00	0.00	0.00	0.00	0.00	0.00	0.00	0.00	0.00	0.00	0.00	0.00	0.00	0.00	0.00	28.00	0.00
ndk	0.00	0.00	118.00	0.00	0.00	53.00	0.00	51.00	191.00	0.00	0.00	0.00	0.00	0.00	0.00	0.00	0.00	0.00	0.00	0.00	0.00	0.00	0.00	0.00
nhaC	0.00	0.00	0.00	0.00	0.00	32.00	95.00	0.00	0.00	0.00	0.00	0.00	0.00	0.00	0.00	0.00	0.00	0.00	0.00	0.00	31.00	0.00	0.00	0.00
nirB	0.00	0.00	0.00	0.00	0.00	7.00	0.00	0.00	0.00	0.00	0.00	0.00	13.00	0.00	0.00	0.00	0.00	0.00	0.00	0.00	0.00	0.00	0.00	0.00
nirD	0.00	0.00	0.00	0.00	0.00	0.00	0.00	0.00	62.00	0.00	0.00	0.00	67.00	0.00	0.00	0.00	0.00	0.00	0.00	0.00	0.00	0.00	94.00	0.00
nirR	0.00	0.00	0.00	0.00	0.00	0.00	0.00	18.00	0.00	0.00	0.00	0.00	0.00	0.00	0.00	0.00	0.00	0.00	0.00	0.00	0.00	0.00	0.00	0.00
nixA	0.00	0.00	0.00	0.00	0.00	0.00	38.00	0.00	0.00	0.00	0.00	0.00	0.00	0.00	0.00	0.00	0.00	0.00	0.00	0.00	0.00	0.00	0.00	0.00
nrdD	0.00	0.00	62.00	41.00	0.00	156.00	412.00	218.00	102.00	0.00	0.00	0.00	42.00	0.00	0.00	0.00	0.00	0.00	0.00	0.00	244.00	0.00	0.00	0.00
nrdG	219.00	0.00	0.00	0.00	0.00	54.00	153.00	0.00	41.00	0.00	0.00	0.00	33.00	0.00	0.00	0.00	0.00	0.00	0.00	0.00	25.00	0.00	0.00	0.00
nsaS	0.00	0.00	0.00	0.00	0.00	14.00	2.00	45.00	0.00	0.00	0.00	0.00	0.00	0.00	0.00	0.00	0.00	0.00	0.00	0.00	2.00	0.00	0.00	0.00
nth	0.00	0.00	0.00	0.00	0.00	0.00	48.00	0.00	0.00	0.00	0.00	0.00	0.00	0.00	0.00	0.00	0.00	0.00	0.00	0.00	0.00	0.00	0.00	0.00
nuc	0.00	0.00	0.00	0.00	0.00	0.00	30.00	0.00	0.00	0.00	0.00	0.00	0.00	0.00	0.00	0.00	0.00	0.00	0.00	0.00	0.00	0.00	0.00	0.00
nupC	0.00	0.00	45.00	0.00	0.00	25.00	38.00	0.00	32.00	0.00	0.00	0.00	0.00	0.00	0.00	0.00	0.00	0.00	0.00	0.00	0.00	0.00	42.00	0.00
nusA	0.00	0.00	46.00	0.00	0.00	28.00	41.00	26.00	47.00	0.00	0.00	0.00	0.00	0.00	0.00	0.00	0.00	0.00	0.00	0.00	31.00	0.00	0.00	0.00
nusB	0.00	0.00	0.00	0.00	0.00	0.00	25.00	75.00	0.00	0.00	0.00	0.00	0.00	0.00	0.00	0.00	0.00	0.00	0.00	0.00	43.00	0.00	0.00	0.00
nusG	0.00	0.00	88.00	0.00	0.00	273.00	573.00	73.00	194.00	0.00	0.00	0.00	293.00	0.00	0.00	0.00	0.00	0.00	0.00	197.00	411.00	0.00	0.00	0.00
opp-1A	28.00	0.00	67.00	35.00	0.00	67.00	166.00	82.00	158.00	0.00	0.00	0.00	53.00	0.00	0.00	0.00	0.00	0.00	0.00	0.00	179.00	0.00	63.00	0.00
opp-2B	0.00	0.00	0.00	0.00	0.00	0.00	0.00	0.00	0.00	0.00	0.00	0.00	0.00	0.00	0.00	0.00	0.00	0.00	0.00	0.00	32.00	0.00	0.00	0.00
opp-2F	0.00	0.00	0.00	0.00	0.00	0.00	0.00	0.00	0.00	0.00	0.00	0.00	0.00	0.00	0.00	0.00	0.00	0.00	0.00	0.00	51.00	0.00	0.00	0.00
opp-3B	0.00	0.00	0.00	0.00	0.00	0.00	43.00	0.00	0.00	0.00	0.00	0.00	0.00	0.00	0.00	0.00	0.00	0.00	0.00	0.00	0.00	0.00	0.00	0.00
opp-3C	0.00	0.00	0.00	0.00	0.00	0.00	0.00	0.00	0.00	0.00	0.00	0.00	0.00	0.00	0.00	0.00	0.00	0.00	0.00	0.00	0.00	0.00	0.00	0.00
oppA	0.00	0.00	0.00	0.00	0.00	0.00	0.00	0.00	0.00	0.00	0.00	0.00	0.00	0.00	0.00	0.00	0.00	0.00	0.00	0.00	0.00	0.00	0.00	0.00
oppB	0.00	0.00	0.00	0.00	0.00	0.00	0.00	0.00	0.00	0.00	0.00	0.00	0.00	0.00	0.00	0.00	0.00	0.00	0.00	0.00	0.00	0.00	0.00	0.00
oppC	0.00	0.00	0.00	0.00	0.00	0.00	0.00	0.00	0.00	0.00	0.00	0.00	0.00	0.00	0.00	0.00	0.00	0.00	0.00	0.00	0.00	0.00	0.00	0.00
oppD	0.00	0.00	0.00	0.00	0.00	0.00	0.00	0.00	0.00	0.00	0.00	0.00	0.00	0.00	0.00	0.00	0.00	0.00	0.00	0.00	30.00	0.00	0.00	0.00
oppF	0.00	0.00	0.00	0.00	0.00	0.00	0.00	0.00	0.00	0.00	0.00	0.00	0.00	0.00	0.00	0.00	0.00	0.00	0.00	0.00	31.00	0.00	0.00	0.00
opuCa	0.00	0.00	0.00	0.00	0.00	0.00	0.00	0.00	0.00	0.00	0.00	0.00	0.00	0.00	0.00	0.00	0.00	0.00	0.00	0.00	0.00	0.00	0.00	0.00
opuCb	0.00	0.00	0.00	0.00	0.00	0.00	0.00	0.00	0.00	0.00	0.00	0.00	0.00	0.00	0.00	0.00	0.00	0.00	0.00	0.00	0.00	0.00	0.00	0.00
opuCc	0.00	0.00	0.00	0.00	0.00	0.00	0.00	39.00	0.00	0.00	0.00	0.00	0.00	0.00	0.00	0.00	0.00	0.00	0.00	0.00	17.00	0.00	0.00	0.00
opuCd	0.00	0.00	0.00	0.00	0.00	0.00	0.00	67.00	0.00	0.00	0.00	0.00	0.00	0.00	0.00	0.00	0.00	0.00	0.00	0.00	0.00	0.00	0.00	0.00
oxaA	0.00	0.00	0.00	0.00	0.00	132.00	77.00	131.00	240.00	0.00	0.00	0.00	58.00	0.00	0.00	0.00	0.00	0.00	0.00	0.00	377.00	0.00	97.00	0.00
panB	0.00	0.00	0.00	0.00	0.00	0.00	0.00	60.00	0.00	0.00	0.00	0.00	0.00	0.00	0.00	0.00	0.00	0.00	0.00	0.00	34.00	0.00	34.00	0.00
panC	0.00	0.00	0.00	0.00	0.00	0.00	17.00	0.00	24.00	0.00	0.00	0.00	0.00	0.00	0.00	0.00	0.00	0.00	0.00	0.00	62.00	0.00	0.00	0.00
panD	0.00	0.00	0.00	0.00	0.00	82.00	30.00	0.00	0.00	0.00	0.00	0.00	0.00	0.00	0.00	0.00	0.00	0.00	0.00	0.00	0.00	0.00	0.00	0.00
panE	0.00	0.00	0.00	0.00	0.00	0.00	0.00	75.00	0.00	0.00	0.00	0.00	0.00	0.00	0.00	0.00	0.00	0.00	0.00	0.00	0.00	0.00	0.00	0.00
pbp2	0.00	0.00	22.00	0.00	0.00	165.00	203.00	69.00	150.00	0.00	0.00	0.00	0.00	19.00	0.00	0.00	0.00	0.00	0.00	0.00	240.00	0.00	0.00	0.00
pbp3	0.00	0.00	17.00	0.00	0.00	10.00	11.00	0.00	0.00	0.00	0.00	0.00	0.00	0.00	0.00	0.00	0.00	0.00	0.00	0.00	42.00	0.00	0.00	0.00
pcp	0.00	0.00	0.00	0.00	0.00	0.00	0.00	0.00	0.00	0.00	0.00	0.00	0.00	0.00	0.00	0.00	0.00	0.00	0.00	0.00	0.00	0.00	0.00	0.00
pdp	139.00	0.00	0.00	0.00	0.00	14.00	25.00	28.00	0.00	0.00	0.00	0.00	0.00	0.00	0.00	0.00	0.00	0.00	0.00	0.00	0.00	0.00	20.00	0.00
pepF	0.00	0.00	0.00	0.00	0.00	51.00	70.00	0.00	0.00	0.00	0.00	0.00	0.00	0.00	0.00	0.00	0.00	0.00	0.00	0.00	13.00	0.00	0.00	0.00
pflA	0.00	0.00	317.00	240.00	0.00	152.00	193.00	243.00	175.00	0.00	0.00	0.00	41.00	0.00	0.00	0.00	0.00	0.00	0.00	0.00	40.00	0.00	90.00	0.00
pflB	0.00	0.00	192.00	114.00	0.00	0.00	51.00	110.00	122.00	0.00	0.00	0.00	39.00	0.00	0.00	0.00	0.00	0.00	0.00	0.00	39.00	0.00	83.00	0.00
pgi	0.00	0.00	0.00	0.00	0.00	18.00	45.00	0.00	17.00	0.00	0.00	0.00	0.00	0.00	0.00	0.00	0.00	0.00	0.00	0.00	71.00	0.00	0.00	0.00
pgsA	0.00	0.00	0.00	0.00	0.00	51.00	22.00	61.00	48.00	0.00	0.00	0.00	0.00	0.00	0.00	0.00	0.00	0.00	0.00	0.00	41.00	0.00	0.00	0.00
phnC	0.00	0.00	0.00	0.00	0.00	0.00	0.00	0.00	0.00	0.00	0.00	0.00	0.00	0.00	0.00	0.00	0.00	0.00	0.00	0.00	0.00	0.00	0.00	0.00
phnE	0.00	0.00	0.00	0.00	0.00	0.00	0.00	0.00	0.00	0.00	0.00	0.00	0.00	0.00	0.00	0.00	0.00	0.00	0.00	0.00	0.00	0.00	0.00	0.00
phoB	0.00	0.00	0.00	0.00	0.00	0.00	0.00	0.00	0.00	0.00	0.00	0.00	0.00	0.00	0.00	0.00	0.00	0.00	0.00	0.00	9.00	0.00	0.00	0.00
phoH	0.00	0.00	0.00	0.00	0.00	29.00	0.00	0.00	0.00	0.00	0.00	0.00	0.00	0.00	0.00	0.00	0.00	0.00	0.00	0.00	0.00	0.00	53.00	0.00
phoU	0.00	0.00	0.00	0.00	0.00	0.00	0.00	0.00	0.00	0.00	0.00	0.00	0.00	0.00	0.00	0.00	0.00	0.00	0.00	0.00	0.00	0.00	0.00	0.00
pknB	0.00	0.00	0.00	0.00	0.00	45.00	101.00	48.00	50.00	0.00	0.00	0.00	17.00	0.00	0.00	0.00	0.00	0.00	0.00	44.00	124.00	0.00	44.00	0.00
plc	0.00	0.00	33.00	83.00	0.00	11.00	16.00	0.00	0.00	0.00	0.00	0.00	0.00	0.00	0.00	0.00	0.00	0.00	0.00	0.00	33.00	0.00	0.00	0.00
plsX	0.00	0.00	0.00	0.00	0.00	28.00	98.00	33.00	130.00	0.00	0.00	0.00	32.00	0.00	0.00	0.00	0.00	0.00	0.00	0.00	0.00	0.00	50.00	0.00
pnbA	0.00	0.00	0.00	25.00	0.00	0.00	35.00	0.00	0.00	0.00	0.00	0.00	0.00	0.00	0.00	0.00	0.00	0.00	0.00	0.00	0.00	0.00	0.00	0.00
pnpA	0.00	0.00	66.00	0.00	0.00	256.00	148.00	69.00	195.00	0.00	0.00	0.00	42.00	47.00	0.00	0.00	0.00	0.00	0.00	0.00	205.00	0.00	14.00	0.00
polA	0.00	0.00	0.00	0.00	0.00	0.00	0.00	0.00	0.00	0.00	0.00	0.00	0.00	0.00	0.00	0.00	0.00	0.00	0.00	0.00	0.00	0.00	0.00	0.00
polC	0.00	0.00	0.00	0.00	0.00	28.00	34.00	0.00	0.00	0.00	0.00	0.00	0.00	0.00	0.00	0.00	0.00	0.00	0.00	0.00	38.00	0.00	6.00	0.00
ppnK	0.00	0.00	0.00	0.00	0.00	0.00	0.00	0.00	0.00	0.00	0.00	0.00	0.00	0.00	0.00	0.00	0.00	0.00	0.00	0.00	83.00	0.00	0.00	0.00
prfA	0.00	0.00	0.00	0.00	0.00	61.00	0.00	0.00	0.00	0.00	0.00	0.00	42.00	0.00	0.00	0.00	0.00	0.00	0.00	127.00	30.00	0.00	0.00	0.00
prfC	0.00	0.00	34.00	0.00	0.00	71.00	39.00	45.00	0.00	0.00	0.00	0.00	0.00	0.00	0.00	0.00	0.00	0.00	0.00	0.00	75.00	0.00	0.00	0.00
priA	0.00	0.00	0.00	0.00	0.00	13.00	12.00	0.00	19.00	0.00	0.00	0.00	0.00	0.00	0.00	0.00	0.00	0.00	0.00	0.00	50.00	0.00	0.00	0.00
prmA	0.00	0.00	0.00	0.00	0.00	0.00	122.00	0.00	60.00	0.00	0.00	0.00	0.00	0.00	0.00	0.00	0.00	0.00	0.00	0.00	13.00	0.00	90.00	0.00
proC	0.00	0.00	0.00	0.00	0.00	27.00	19.00	0.00	0.00	0.00	0.00	0.00	0.00	0.00	0.00	0.00	0.00	0.00	0.00	0.00	0.00	0.00	0.00	0.00
proS	0.00	0.00	23.00	0.00	0.00	0.00	102.00	39.00	42.00	0.00	0.00	0.00	28.00	0.00	0.00	0.00	0.00	0.00	0.00	47.00	63.00	0.00	0.00	0.00
prs	0.00	0.00	0.00	0.00	0.00	158.00	60.00	151.00	0.00	0.00	0.00	0.00	0.00	0.00	0.00	0.00	0.00	0.00	0.00	15.00	0.00	0.00	0.00	0.00
pstA	0.00	0.00	0.00	0.00	0.00	0.00	0.00	0.00	0.00	0.00	0.00	0.00	0.00	0.00	0.00	0.00	0.00	0.00	0.00	0.00	0.00	0.00	0.00	0.00
pstB	0.00	0.00	0.00	0.00	0.00	0.00	0.00	0.00	0.00	0.00	0.00	0.00	0.00	0.00	0.00	0.00	0.00	0.00	0.00	0.00	0.00	0.00	0.00	0.00
pstC	0.00	0.00	0.00	0.00	0.00	0.00	0.00	0.00	0.00	0.00	0.00	0.00	0.00	0.00	0.00	0.00	0.00	0.00	0.00	0.00	0.00	0.00	0.00	0.00
pstS	0.00	0.00	0.00	0.00	0.00	0.00	0.00	0.00	0.00	0.00	0.00	0.00	0.00	0.00	0.00	0.00	0.00	0.00	0.00	0.00	0.00	0.00	0.00	0.00
pth	0.00	0.00	0.00	0.00	0.00	0.00	40.00	0.00	0.00	0.00	0.00	0.00	0.00	0.00	0.00	0.00	0.00	0.00	0.00	0.00	0.00	0.00	0.00	0.00
ptsG	0.00	0.00	0.00	0.00	0.00	0.00	0.00	0.00	0.00	0.00	0.00	0.00	0.00	0.00	0.00	0.00	0.00	0.00	0.00	0.00	19.00	0.00	0.00	0.00
purA	0.00	0.00	0.00	0.00	0.00	140.00	0.00	25.00	27.00	0.00	0.00	0.00	23.00	0.00	0.00	0.00	0.00	0.00	0.00	0.00	42.00	0.00	55.00	0.00
purR	36.00	0.00	0.00	0.00	0.00	0.00	116.00	221.00	21.00	0.00	0.00	0.00	0.00	0.00	0.00	0.00	0.00	0.00	0.00	0.00	0.00	0.00	119.00	0.00
pyrD	0.00	0.00	90.00	0.00	0.00	117.00	70.00	0.00	18.00	0.00	0.00	0.00	0.00	0.00	0.00	0.00	0.00	0.00	0.00	0.00	53.00	0.00	25.00	0.00
pyrE	0.00	0.00	0.00	0.00	0.00	40.00	36.00	0.00	0.00	0.00	0.00	0.00	0.00	0.00	0.00	0.00	0.00	0.00	0.00	0.00	65.00	0.00	0.00	0.00
pyrG	0.00	0.00	37.00	0.00	0.00	71.00	6.00	105.00	22.00	0.00	0.00	0.00	40.00	0.00	0.00	0.00	0.00	0.00	0.00	20.00	39.00	0.00	0.00	0.00
pyrH	0.00	0.00	0.00	0.00	0.00	188.00	87.00	77.00	53.00	0.00	0.00	0.00	177.00	0.00	0.00	0.00	0.00	0.00	0.00	0.00	191.00	0.00	82.00	0.00
radA	0.00	0.00	35.00	0.00	0.00	9.00	61.00	7.00	0.00	0.00	0.00	0.00	33.00	0.00	2.00	0.00	0.00	0.00	0.00	0.00	62.00	0.00	0.00	0.00
rarD	0.00	0.00	0.00	0.00	0.00	0.00	0.00	59.00	0.00	0.00	0.00	0.00	46.00	0.00	0.00	0.00	0.00	0.00	0.00	0.00	0.00	0.00	0.00	0.00
rbfA	0.00	0.00	0.00	0.00	0.00	0.00	0.00	54.00	0.00	0.00	0.00	0.00	0.00	0.00	0.00	0.00	0.00	0.00	0.00	0.00	53.00	0.00	0.00	0.00
rbgA	0.00	0.00	0.00	22.00	0.00	47.00	0.00	0.00	0.00	0.00	0.00	0.00	0.00	0.00	0.00	0.00	0.00	0.00	0.00	0.00	17.00	0.00	0.00	0.00
rbsD	0.00	0.00	0.00	0.00	0.00	0.00	40.00	0.00	0.00	0.00	0.00	0.00	0.00	0.00	0.00	0.00	0.00	0.00	0.00	0.00	0.00	0.00	0.00	0.00
rbsK	0.00	0.00	0.00	0.00	0.00	0.00	8.00	0.00	0.00	0.00	0.00	0.00	0.00	0.00	0.00	0.00	0.00	0.00	0.00	0.00	0.00	0.00	0.00	0.00
recA	0.00	0.00	0.00	0.00	0.00	74.00	54.00	43.00	31.00	0.00	0.00	0.00	45.00	0.00	0.00	0.00	0.00	0.00	0.00	31.00	162.00	0.00	0.00	0.00
recF	0.00	0.00	0.00	0.00	0.00	45.00	21.00	0.00	0.00	0.00	0.00	0.00	0.00	0.00	0.00	0.00	0.00	0.00	0.00	0.00	11.00	0.00	0.00	0.00
recG	0.00	0.00	0.00	0.00	0.00	17.00	9.00	0.00	46.00	0.00	0.00	0.00	0.00	0.00	0.00	0.00	0.00	0.00	0.00	0.00	16.00	0.00	0.00	0.00
recN	0.00	0.00	64.00	0.00	0.00	51.00	49.00	18.00	0.00	0.00	0.00	0.00	39.00	0.00	0.00	0.00	0.00	0.00	0.00	0.00	45.00	0.00	0.00	0.00
recO	0.00	0.00	0.00	0.00	0.00	0.00	18.00	0.00	0.00	0.00	0.00	0.00	0.00	0.00	0.00	0.00	0.00	0.00	0.00	0.00	85.00	0.00	0.00	0.00
recQ	0.00	0.00	0.00	0.00	0.00	8.00	46.00	68.00	19.00	0.00	0.00	0.00	0.00	0.00	0.00	0.00	0.00	0.00	0.00	0.00	8.00	0.00	0.00	0.00
recR	0.00	0.00	0.00	0.00	0.00	0.00	243.00	0.00	64.00	0.00	0.00	0.00	37.00	0.00	0.00	0.00	0.00	0.00	0.00	47.00	105.00	0.00	0.00	0.00
recU	0.00	0.00	0.00	0.00	0.00	85.00	90.00	56.00	153.00	0.00	0.00	0.00	102.00	219.00	0.00	0.00	0.00	0.00	0.00	0.00	83.00	0.00	0.00	0.00
rexA	0.00	0.00	28.00	0.00	0.00	14.00	10.00	0.00	34.00	0.00	0.00	0.00	0.00	0.00	0.00	0.00	0.00	0.00	0.00	0.00	23.00	0.00	0.00	0.00
rexB	0.00	0.00	0.00	0.00	0.00	9.00	0.00	0.00	5.00	0.00	0.00	0.00	0.00	0.00	0.00	0.00	0.00	0.00	0.00	0.00	3.00	0.00	0.00	0.00
rho	0.00	0.00	0.00	0.00	0.00	30.00	63.00	70.00	59.00	0.00	0.00	0.00	12.00	0.00	0.00	0.00	0.00	0.00	0.00	0.00	59.00	0.00	0.00	0.00
ribF	0.00	0.00	0.00	0.00	0.00	72.00	100.00	0.00	0.00	0.00	0.00	0.00	0.00	0.00	0.00	0.00	0.00	0.00	0.00	0.00	9.00	0.00	0.00	0.00
rimM	0.00	0.00	0.00	0.00	0.00	0.00	0.00	0.00	0.00	0.00	0.00	0.00	44.00	0.00	0.00	0.00	0.00	0.00	0.00	0.00	26.00	0.00	0.00	0.00
rluB	0.00	0.00	0.00	0.00	0.00	38.00	32.00	0.00	0.00	0.00	0.00	0.00	76.00	0.00	0.00	0.00	0.00	0.00	0.00	26.00	39.00	0.00	0.00	0.00
rnc	0.00	0.00	0.00	0.00	0.00	0.00	0.00	0.00	56.00	0.00	0.00	0.00	0.00	0.00	0.00	0.00	0.00	0.00	0.00	0.00	0.00	0.00	0.00	0.00
rnhB	0.00	0.00	0.00	95.00	0.00	0.00	35.00	0.00	0.00	0.00	0.00	0.00	90.00	0.00	0.00	0.00	0.00	0.00	0.00	0.00	37.00	0.00	0.00	0.00
rnpA	0.00	0.00	0.00	0.00	0.00	0.00	1.00	0.00	0.00	0.00	0.00	0.00	0.00	0.00	0.00	0.00	0.00	0.00	0.00	0.00	61.00	0.00	58.00	0.00
rocD	0.00	0.00	41.00	0.00	0.00	0.00	91.00	0.00	0.00	0.00	0.00	0.00	62.00	0.00	0.00	0.00	0.00	0.00	0.00	0.00	0.00	0.00	52.00	0.00
rocF	35.00	0.00	0.00	0.00	0.00	0.00	0.00	0.00	22.00	0.00	0.00	0.00	0.00	0.00	0.00	0.00	0.00	0.00	0.00	0.00	0.00	0.00	0.00	0.00
rpe	0.00	0.00	0.00	0.00	0.00	76.00	55.00	0.00	0.00	0.00	0.00	0.00	0.00	0.00	0.00	0.00	0.00	0.00	0.00	0.00	0.00	0.00	0.00	0.00
rpiA	0.00	0.00	0.00	0.00	0.00	0.00	0.00	0.00	0.00	0.00	0.00	0.00	0.00	0.00	0.00	0.00	0.00	0.00	0.00	0.00	0.00	0.00	84.00	0.00
rplA	0.00	0.00	59.00	115.00	0.00	679.00	815.00	55.00	343.00	0.00	0.00	0.00	202.00	61.00	0.00	0.00	0.00	0.00	0.00	242.00	500.00	0.00	0.00	0.00
rplB	76.00	0.00	99.00	0.00	0.00	788.00	547.00	138.00	508.00	0.00	0.00	0.00	357.00	77.00	0.00	0.00	0.00	0.00	0.00	116.00	618.00	0.00	31.00	0.00
rplC	0.00	0.00	0.00	0.00	0.00	497.00	585.00	467.00	327.00	0.00	0.00	0.00	100.00	0.00	0.00	0.00	0.00	0.00	0.00	76.00	484.00	0.00	146.00	0.00
rplD	36.00	0.00	141.00	0.00	0.00	1111.00	691.00	307.00	340.00	0.00	0.00	0.00	637.00	0.00	0.00	0.00	0.00	0.00	0.00	63.00	1240.00	0.00	506.00	0.00
rplE	0.00	0.00	0.00	0.00	0.00	380.00	299.00	379.00	366.00	0.00	0.00	0.00	363.00	0.00	0.00	0.00	0.00	0.00	0.00	97.00	268.00	0.00	68.00	0.00
rplF	0.00	0.00	71.00	115.00	0.00	818.00	533.00	72.00	339.00	0.00	0.00	0.00	123.00	40.00	0.00	0.00	0.00	0.00	0.00	118.00	426.00	0.00	220.00	0.00
rplI	0.00	0.00	0.00	0.00	0.00	124.00	19.00	0.00	125.00	0.00	0.00	0.00	0.00	0.00	0.00	0.00	0.00	0.00	0.00	0.00	112.00	0.00	0.00	0.00
rplJ	0.00	0.00	0.00	0.00	0.00	436.00	566.00	87.00	586.00	0.00	0.00	0.00	354.00	0.00	0.00	0.00	0.00	0.00	0.00	115.00	893.00	0.00	0.00	0.00
rplK	0.00	0.00	0.00	0.00	0.00	822.00	1300.00	481.00	214.00	0.00	0.00	0.00	846.00	196.00	0.00	0.00	0.00	0.00	0.00	354.00	859.00	0.00	0.00	0.00
rplL	0.00	0.00	0.00	0.00	0.00	47.00	193.00	0.00	160.00	0.00	0.00	0.00	410.00	0.00	0.00	0.00	0.00	0.00	0.00	0.00	17.00	0.00	0.00	0.00
rplM	0.00	0.00	92.00	0.00	0.00	765.00	305.00	699.00	395.00	0.00	0.00	0.00	352.00	0.00	0.00	14.00	0.00	0.00	0.00	0.00	537.00	0.00	0.00	0.00
rplN	0.00	0.00	480.00	0.00	0.00	672.00	1012.00	449.00	161.00	0.00	0.00	0.00	301.00	0.00	0.00	0.00	0.00	0.00	0.00	0.00	409.00	0.00	55.00	0.00
rplO	0.00	0.00	53.00	0.00	0.00	550.00	183.00	76.00	845.00	0.00	0.00	0.00	473.00	0.00	0.00	0.00	0.00	0.00	0.00	0.00	320.00	0.00	628.00	0.00
rplP	0.00	0.00	192.00	0.00	0.00	714.00	164.00	479.00	105.00	0.00	0.00	0.00	569.00	0.00	0.00	5.00	0.00	0.00	0.00	247.00	663.00	0.00	626.00	0.00
rplQ	0.00	0.00	67.00	0.00	0.00	519.00	97.00	50.00	21.00	0.00	0.00	0.00	211.00	0.00	0.00	0.00	0.00	0.00	0.00	0.00	182.00	0.00	67.00	0.00
rplR	0.00	0.00	0.00	248.00	0.00	923.00	1286.00	444.00	360.00	0.00	0.00	0.00	652.00	102.00	0.00	0.00	0.00	0.00	0.00	36.00	469.00	0.00	0.00	0.00
rplS	0.00	0.00	148.00	0.00	0.00	851.00	1037.00	40.00	666.00	0.00	0.00	0.00	791.00	0.00	0.00	19.00	0.00	0.00	0.00	100.00	1243.00	0.00	170.00	0.00
rplV	0.00	0.00	147.00	0.00	0.00	243.00	64.00	0.00	57.00	0.00	0.00	0.00	0.00	0.00	0.00	0.00	0.00	0.00	0.00	51.00	49.00	0.00	0.00	0.00
rplW	50.00	0.00	162.00	0.00	0.00	746.00	1026.00	572.00	1054.00	0.00	0.00	0.00	597.00	0.00	0.00	0.00	0.00	0.00	0.00	393.00	1628.00	0.00	183.00	0.00
rplX	0.00	0.00	759.00	0.00	0.00	1088.00	521.00	1152.00	499.00	0.00	0.00	0.00	42.00	0.00	0.00	0.00	0.00	0.00	0.00	0.00	113.00	0.00	0.00	0.00
rpmB	0.00	0.00	0.00	0.00	0.00	139.00	133.00	0.00	0.00	0.00	0.00	0.00	0.00	0.00	0.00	0.00	0.00	0.00	0.00	0.00	230.00	0.00	0.00	0.00
rpmC	0.00	0.00	99.00	0.00	0.00	775.00	172.00	342.00	466.00	0.00	0.00	0.00	518.00	0.00	0.00	0.00	0.00	0.00	0.00	184.00	314.00	0.00	365.00	0.00
rpmD	0.00	0.00	0.00	0.00	0.00	416.00	303.00	172.00	0.00	0.00	0.00	0.00	24.00	0.00	0.00	0.00	0.00	0.00	0.00	0.00	486.00	0.00	144.00	0.00
rpmE2	0.00	0.00	0.00	0.00	0.00	291.00	61.00	0.00	0.00	0.00	0.00	0.00	228.00	0.00	0.00	0.00	0.00	0.00	0.00	0.00	177.00	0.00	0.00	0.00
rpmG	0.00	0.00	0.00	0.00	0.00	112.00	0.00	0.00	0.00	0.00	0.00	0.00	0.00	0.00	0.00	0.00	0.00	0.00	0.00	0.00	90.00	0.00	0.00	0.00
rpmH	0.00	0.00	0.00	0.00	0.00	0.00	4.00	173.00	0.00	0.00	0.00	0.00	0.00	0.00	0.00	0.00	0.00	0.00	0.00	0.00	16.00	0.00	0.00	0.00
rpmJ	0.00	0.00	0.00	0.00	0.00	1127.00	95.00	971.00	14.00	0.00	0.00	0.00	729.00	0.00	0.00	0.00	0.00	0.00	0.00	0.00	101.00	0.00	0.00	0.00
rpoA	0.00	0.00	336.00	0.00	0.00	281.00	526.00	140.00	162.00	0.00	0.00	7.00	329.00	75.00	11.00	0.00	0.00	0.00	0.00	0.00	313.00	0.00	0.00	0.00
rpoB	38.00	0.00	9.00	0.00	0.00	349.00	268.00	180.00	117.00	0.00	0.00	1.00	60.00	14.00	0.00	0.00	0.00	0.00	0.00	38.00	522.00	0.00	48.00	0.00
rpoC	0.00	0.00	0.00	0.00	0.00	0.00	85.00	0.00	0.00	0.00	0.00	0.00	21.00	0.00	0.00	0.00	0.00	0.00	0.00	0.00	22.00	0.00	0.00	0.00
rpoD	0.00	0.00	0.00	69.00	0.00	54.00	277.00	35.00	156.00	0.00	0.00	0.00	127.00	0.00	0.00	0.00	0.00	0.00	0.00	0.00	213.00	0.00	0.00	0.00
rpoE	0.00	0.00	0.00	0.00	0.00	97.00	37.00	65.00	48.00	0.00	0.00	0.00	80.00	0.00	0.00	0.00	0.00	0.00	0.00	0.00	105.00	0.00	0.00	0.00
rpoZ	0.00	0.00	0.00	0.00	0.00	0.00	94.00	0.00	0.00	0.00	0.00	0.00	44.00	0.00	0.00	0.00	0.00	0.00	0.00	0.00	41.00	0.00	0.00	0.00
rpsA	0.00	0.00	65.00	30.00	0.00	14.00	139.00	84.00	77.00	0.00	0.00	0.00	0.00	21.00	2.00	0.00	0.00	0.00	0.00	0.00	194.00	0.00	91.00	0.00
rpsB	0.00	0.00	0.00	0.00	0.00	1176.00	1693.00	240.00	780.00	0.00	0.00	0.00	558.00	0.00	0.00	0.00	0.00	0.00	0.00	0.00	1245.00	0.00	0.00	0.00
rpsC	0.00	0.00	187.00	64.00	0.00	532.00	249.00	253.00	412.00	0.00	0.00	0.00	391.00	0.00	0.00	1.00	0.00	0.00	0.00	52.00	241.00	0.00	0.00	0.00
rpsE	0.00	0.00	0.00	0.00	0.00	637.00	245.00	310.00	101.00	0.00	0.00	0.00	718.00	0.00	0.00	0.00	0.00	0.00	0.00	313.00	414.00	0.00	144.00	0.00
rpsH	0.00	0.00	63.00	0.00	0.00	1130.00	191.00	457.00	465.00	0.00	0.00	0.00	43.00	133.00	0.00	0.00	0.00	0.00	0.00	0.00	501.00	0.00	185.00	0.00
rpsI	0.00	0.00	65.00	0.00	0.00	691.00	921.00	174.00	601.00	0.00	0.00	0.00	663.00	0.00	0.00	0.00	0.00	0.00	0.00	142.00	770.00	0.00	88.00	0.00
rpsJ	0.00	0.00	0.00	0.00	0.00	1240.00	445.00	870.00	130.00	0.00	0.00	0.00	0.00	0.00	0.00	0.00	0.00	0.00	0.00	0.00	571.00	0.00	150.00	0.00
rpsK	0.00	0.00	165.00	0.00	0.00	685.00	505.00	339.00	0.00	0.00	0.00	0.00	236.00	0.00	0.00	0.00	0.00	0.00	0.00	168.00	769.00	0.00	42.00	0.00
rpsM	0.00	0.00	133.00	0.00	0.00	478.00	29.00	541.00	372.00	0.00	0.00	0.00	245.00	0.00	0.00	0.00	0.00	0.00	0.00	159.00	348.00	0.00	246.00	0.00
rpsN	0.00	0.00	67.00	0.00	0.00	3389.00	253.00	1393.00	498.00	0.00	0.00	0.00	537.00	204.00	0.00	0.00	0.00	0.00	0.00	0.00	651.00	0.00	0.00	0.00
rpsO	0.00	0.00	0.00	0.00	0.00	84.00	229.00	0.00	415.00	0.00	0.00	0.00	349.00	0.00	0.00	0.00	0.00	0.00	0.00	0.00	323.00	0.00	0.00	0.00
rpsP	0.00	0.00	0.00	0.00	0.00	172.00	0.00	80.00	0.00	0.00	0.00	0.00	0.00	0.00	0.00	0.00	0.00	0.00	0.00	0.00	0.00	0.00	0.00	0.00
rpsQ	0.00	0.00	0.00	174.00	0.00	320.00	151.00	244.00	206.00	0.00	0.00	0.00	185.00	0.00	0.00	0.00	0.00	0.00	0.00	0.00	485.00	0.00	0.00	0.00
rpsS	0.00	0.00	0.00	0.00	0.00	424.00	373.00	1210.00	238.00	0.00	0.00	0.00	181.00	195.00	0.00	0.00	0.00	0.00	0.00	488.00	497.00	0.00	0.00	0.00
rpsT	0.00	0.00	0.00	0.00	0.00	238.00	227.00	144.00	176.00	0.00	0.00	0.00	137.00	0.00	0.00	0.00	0.00	0.00	0.00	0.00	214.00	0.00	0.00	0.00
rpsU	0.00	0.00	0.00	0.00	0.00	45.00	274.00	148.00	362.00	0.00	0.00	0.00	0.00	0.00	0.00	0.00	0.00	0.00	0.00	0.00	298.00	0.00	0.00	0.00
rrfA	477.00	0.00	544.00	0.00	5.00	3303.00	2348.00	838.00	1399.00	0.00	0.00	0.00	1895.00	0.00	0.00	19.00	0.00	0.00	0.00	300.00	1809.00	145.00	0.00	0.00
rrfB	477.00	0.00	544.00	0.00	5.00	3303.00	2348.00	838.00	1399.00	0.00	0.00	0.00	1895.00	0.00	0.00	19.00	0.00	0.00	0.00	300.00	1809.00	145.00	0.00	0.00
rrfE	477.00	0.00	544.00	0.00	5.00	3616.00	2261.00	838.00	1399.00	0.00	0.00	0.00	1652.00	0.00	0.00	19.00	0.00	0.00	0.00	507.00	1809.00	505.00	0.00	0.00
rrfG	477.00	0.00	544.00	0.00	5.00	3339.00	2336.00	838.00	1399.00	0.00	0.00	0.00	1652.00	0.00	0.00	11.00	0.00	0.00	0.00	300.00	1656.00	145.00	0.00	0.00
rrlA	40506.00	68.00	235827.00	76547.00	47.00	70509.00	130176.00	30652.00	62736.00	37.00	34.00	34.00	51171.00	7951.00	37.00	38.00	34.00	34.00	34.00	9656.00	85665.00	2982.00	82421.00	34.00
rrlB	41017.00	69.00	238773.00	77221.00	48.00	71445.00	134205.00	31474.00	63875.00	38.00	34.00	34.00	52522.00	8232.00	37.00	39.00	34.00	34.00	34.00	9887.00	87399.00	3055.00	83776.00	34.00
rrlE	37416.00	65.00	225048.00	73925.00	46.00	69274.00	122025.00	30191.00	61754.00	31.00	33.00	32.00	47390.00	7537.00	34.00	37.00	33.00	34.00	34.00	8923.00	73226.00	3014.00	79262.00	34.00
rrsA	52957.00	64.00	241006.00	91734.00	64.00	88988.00	196258.00	35173.00	95516.00	76.00	105.00	93.00	88077.00	12044.00	76.00	97.00	26.00	84.00	53.00	17820.00	136616.00	3791.00	83553.00	57.00
rrsB	52957.00	64.00	241006.00	91734.00	64.00	88988.00	196144.00	35173.00	95508.00	76.00	105.00	93.00	87967.00	12044.00	76.00	97.00	26.00	84.00	53.00	17820.00	136613.00	3791.00	83553.00	57.00
rrsE	52957.00	64.00	241006.00	91734.00	64.00	89014.00	196364.00	35149.00	95479.00	77.00	105.00	93.00	88015.00	12026.00	76.00	97.00	26.00	84.00	53.00	17817.00	136652.00	3791.00	83592.00	57.00
rsgA	0.00	0.00	0.00	0.00	0.00	0.00	10.00	0.00	51.00	0.00	0.00	0.00	42.00	0.00	0.00	0.00	0.00	0.00	0.00	0.00	62.00	0.00	0.00	0.00
sarT	0.00	0.00	0.00	0.00	0.00	0.00	0.00	0.00	0.00	0.00	0.00	0.00	0.00	0.00	0.00	0.00	0.00	0.00	0.00	0.00	0.00	0.00	0.00	0.00
sarU	0.00	0.00	0.00	0.00	0.00	0.00	0.00	0.00	0.00	0.00	0.00	0.00	0.00	0.00	0.00	0.00	0.00	0.00	0.00	0.00	0.00	0.00	0.00	0.00
sbi	0.00	0.00	0.00	92.00	0.00	1341.00	544.00	407.00	484.00	0.00	0.00	1.00	15.00	0.00	0.00	0.00	0.00	0.00	0.00	0.00	572.00	0.00	48.00	0.00
sbnC	0.00	0.00	89.00	0.00	0.00	14.00	16.00	0.00	19.00	0.00	0.00	0.00	0.00	0.00	0.00	0.00	0.00	0.00	0.00	0.00	41.00	0.00	0.00	0.00
scdA	0.00	0.00	0.00	0.00	0.00	0.00	0.00	0.00	0.00	0.00	0.00	0.00	0.00	0.00	0.00	0.00	0.00	0.00	0.00	0.00	21.00	0.00	0.00	0.00
scpA	0.00	0.00	0.00	0.00	0.00	0.00	0.00	0.00	0.00	0.00	0.00	0.00	0.00	0.00	0.00	0.00	0.00	0.00	0.00	0.00	90.00	0.00	0.00	0.00
scpB	0.00	0.00	223.00	0.00	0.00	77.00	171.00	207.00	0.00	0.00	0.00	0.00	0.00	0.00	0.00	0.00	0.00	0.00	0.00	0.00	200.00	0.00	35.00	0.00
sdaAA	0.00	0.00	0.00	0.00	0.00	0.00	0.00	0.00	26.00	0.00	0.00	0.00	40.00	0.00	0.00	0.00	0.00	0.00	0.00	0.00	17.00	0.00	74.00	0.00
sdaAB	0.00	0.00	0.00	0.00	0.00	101.00	0.00	49.00	31.00	0.00	0.00	0.00	0.00	0.00	0.00	0.00	0.00	0.00	0.00	0.00	0.00	0.00	0.00	0.00
secE	0.00	0.00	14.00	0.00	0.00	189.00	0.00	0.00	151.00	0.00	0.00	0.00	57.00	0.00	0.00	0.00	0.00	0.00	0.00	0.00	219.00	0.00	0.00	0.00
secY	0.00	0.00	0.00	0.00	0.00	23.00	0.00	0.00	0.00	0.00	0.00	0.00	0.00	0.00	0.00	0.00	0.00	0.00	0.00	0.00	0.00	0.00	0.00	0.00
serS	0.00	0.00	0.00	0.00	0.00	0.00	15.00	22.00	0.00	0.00	0.00	0.00	8.00	0.00	0.00	0.00	0.00	0.00	0.00	0.00	22.00	0.00	0.00	0.00
set7	0.00	0.00	0.00	0.00	0.00	0.00	20.00	0.00	0.00	0.00	0.00	0.00	0.00	0.00	0.00	0.00	0.00	0.00	0.00	0.00	0.00	0.00	0.00	0.00
sirA	0.00	0.00	23.00	0.00	0.00	57.00	108.00	0.00	37.00	0.00	0.00	0.00	0.00	0.00	0.00	0.00	0.00	0.00	0.00	0.00	17.00	0.00	0.00	0.00
sirB	0.00	0.00	0.00	0.00	0.00	17.00	57.00	0.00	0.00	0.00	0.00	0.00	0.00	0.00	0.00	0.00	0.00	0.00	0.00	0.00	59.00	0.00	0.00	0.00
sirC	0.00	0.00	0.00	0.00	0.00	35.00	0.00	0.00	0.00	0.00	0.00	0.00	79.00	0.00	0.00	0.00	0.00	0.00	0.00	0.00	23.00	0.00	0.00	0.00
smc	0.00	0.00	0.00	0.00	0.00	11.00	27.00	35.00	0.00	0.00	0.00	0.00	0.00	0.00	0.00	0.00	0.00	0.00	0.00	0.00	9.00	0.00	0.00	0.00
speG	0.00	0.00	0.00	0.00	0.00	0.00	0.00	0.00	0.00	0.00	0.00	0.00	0.00	0.00	0.00	0.00	0.00	0.00	0.00	0.00	0.00	0.00	0.00	0.00
spsA	0.00	0.00	0.00	0.00	0.00	132.00	165.00	0.00	131.00	0.00	0.00	0.00	0.00	0.00	0.00	0.00	0.00	0.00	0.00	0.00	178.00	0.00	0.00	0.00
spsB	0.00	0.00	0.00	0.00	0.00	181.00	35.00	0.00	0.00	0.00	0.00	0.00	0.00	0.00	0.00	0.00	0.00	0.00	0.00	0.00	408.00	0.00	0.00	0.00
spxA	0.00	0.00	0.00	95.00	0.00	223.00	798.00	0.00	664.00	0.00	0.00	0.00	412.00	0.00	0.00	0.00	0.00	0.00	0.00	0.00	292.00	0.00	0.00	0.00
srrA	0.00	0.00	34.00	0.00	0.00	65.00	69.00	0.00	0.00	0.00	0.00	0.00	0.00	0.00	0.00	0.00	0.00	0.00	0.00	0.00	23.00	0.00	0.00	0.00
srrB	0.00	0.00	25.00	0.00	0.00	13.00	44.00	54.00	59.00	0.00	0.00	0.00	44.00	0.00	0.00	0.00	0.00	0.00	0.00	0.00	69.00	0.00	31.00	0.00
srtA	0.00	0.00	44.00	0.00	0.00	0.00	70.00	0.00	66.00	0.00	0.00	0.00	0.00	0.00	0.00	0.00	0.00	0.00	0.00	0.00	81.00	0.00	0.00	0.00
ssaA	0.00	0.00	0.00	0.00	0.00	232.00	196.00	114.00	54.00	0.00	0.00	0.00	0.00	0.00	0.00	0.00	0.00	0.00	0.00	0.00	259.00	0.00	0.00	0.00
sucA	0.00	0.00	13.00	0.00	0.00	16.00	39.00	29.00	16.00	0.00	0.00	0.00	0.00	0.00	0.00	0.00	0.00	0.00	0.00	0.00	0.00	0.00	10.00	0.00
sucB	0.00	0.00	0.00	135.00	0.00	0.00	0.00	0.00	90.00	0.00	0.00	0.00	0.00	15.00	0.00	0.00	0.00	0.00	0.00	0.00	60.00	0.00	38.00	0.00
sucC	0.00	0.00	84.00	39.00	0.00	39.00	66.00	4.00	21.00	0.00	0.00	0.00	0.00	0.00	0.00	0.00	0.00	0.00	0.00	0.00	74.00	0.00	0.00	0.00
sucD	0.00	0.00	63.00	0.00	0.00	77.00	26.00	125.00	0.00	0.00	0.00	0.00	21.00	67.00	0.00	0.00	0.00	0.00	0.00	0.00	130.00	0.00	0.00	0.00
sun	0.00	0.00	34.00	0.00	0.00	55.00	8.00	0.00	72.00	0.00	0.00	0.00	30.00	0.00	0.00	0.00	0.00	0.00	0.00	0.00	34.00	0.00	40.00	0.00
tcaA	0.00	0.00	0.00	40.00	0.00	96.00	183.00	135.00	41.00	0.00	0.00	0.00	69.00	17.00	0.00	0.00	0.00	0.00	0.00	0.00	70.00	0.00	0.00	0.00
tcaB	0.00	0.00	0.00	0.00	0.00	0.00	0.00	0.00	0.00	0.00	0.00	0.00	0.00	0.00	0.00	0.00	0.00	0.00	0.00	0.00	29.00	0.00	0.00	0.00
tcaR	0.00	0.00	0.00	0.00	0.00	57.00	3.00	0.00	0.00	0.00	0.00	0.00	0.00	0.00	0.00	0.00	0.00	0.00	0.00	0.00	105.00	0.00	0.00	0.00
tdk	0.00	0.00	0.00	0.00	0.00	0.00	0.00	0.00	0.00	0.00	0.00	0.00	0.00	0.00	0.00	0.00	0.00	0.00	0.00	0.00	50.00	0.00	0.00	0.00
tetR	0.00	0.00	0.00	0.00	0.00	37.00	68.00	41.00	0.00	0.00	0.00	0.00	0.00	0.00	0.00	0.00	0.00	0.00	0.00	0.00	93.00	0.00	0.00	0.00
thiD	0.00	0.00	0.00	0.00	0.00	0.00	0.00	0.00	0.00	0.00	0.00	0.00	0.00	0.00	0.00	0.00	0.00	0.00	0.00	0.00	0.00	0.00	0.00	0.00
thiE	0.00	0.00	0.00	0.00	0.00	0.00	0.00	0.00	0.00	0.00	0.00	0.00	0.00	0.00	0.00	0.00	0.00	0.00	0.00	0.00	0.00	0.00	0.00	0.00
thiM	0.00	0.00	0.00	0.00	0.00	0.00	0.00	0.00	0.00	0.00	0.00	0.00	0.00	0.00	0.00	0.00	0.00	0.00	0.00	0.00	0.00	0.00	0.00	0.00
thrB	0.00	0.00	54.00	0.00	0.00	0.00	20.00	0.00	70.00	0.00	0.00	0.00	0.00	0.00	0.00	0.00	0.00	0.00	0.00	0.00	13.00	0.00	0.00	0.00
thrC	0.00	0.00	0.00	0.00	0.00	16.00	0.00	0.00	0.00	0.00	0.00	0.00	0.00	0.00	0.00	0.00	0.00	0.00	0.00	0.00	9.00	0.00	0.00	0.00
thyA	0.00	0.00	0.00	0.00	0.00	38.00	14.00	0.00	18.00	0.00	0.00	0.00	0.00	0.00	0.00	0.00	0.00	0.00	0.00	0.00	30.00	0.00	0.00	0.00
tmk	0.00	0.00	0.00	0.00	0.00	0.00	27.00	0.00	38.00	0.00	0.00	0.00	0.00	0.00	0.00	0.00	0.00	0.00	0.00	0.00	0.00	0.00	0.00	0.00
tnp	0.00	0.00	0.00	0.00	0.00	0.00	0.00	0.00	0.00	0.00	0.00	0.00	0.00	0.00	0.00	0.00	0.00	0.00	0.00	0.00	16.00	0.00	0.00	0.00
topA	0.00	0.00	12.00	0.00	0.00	100.00	92.00	59.00	7.00	0.00	0.00	0.00	22.00	0.00	0.00	0.00	0.00	0.00	0.00	2.00	200.00	0.00	0.00	0.00
topB	0.00	0.00	0.00	0.00	0.00	38.00	14.00	0.00	0.00	0.00	0.00	0.00	0.00	0.00	0.00	0.00	0.00	0.00	0.00	0.00	13.00	0.00	0.00	0.00
treC	0.00	0.00	0.00	0.00	0.00	19.00	0.00	0.00	0.00	0.00	0.00	0.00	0.00	0.00	0.00	0.00	0.00	0.00	0.00	0.00	0.00	0.00	0.00	0.00
treP	0.00	0.00	0.00	0.00	0.00	0.00	0.00	0.00	0.00	0.00	0.00	0.00	0.00	0.00	0.00	0.00	0.00	0.00	0.00	0.00	0.00	0.00	0.00	0.00
treR	0.00	0.00	0.00	0.00	0.00	0.00	31.00	0.00	0.00	0.00	0.00	0.00	0.00	0.00	0.00	0.00	0.00	0.00	0.00	0.00	0.00	0.00	0.00	0.00
trmD	0.00	0.00	0.00	0.00	0.00	0.00	0.00	40.00	0.00	0.00	0.00	0.00	0.00	0.00	0.00	0.00	0.00	0.00	0.00	0.00	44.00	0.00	0.00	0.00
trmE	0.00	0.00	49.00	0.00	0.00	14.00	0.00	24.00	0.00	0.00	0.00	0.00	0.00	0.00	0.00	0.00	0.00	0.00	0.00	0.00	18.00	0.00	0.00	0.00
trpA	0.00	0.00	0.00	0.00	0.00	0.00	0.00	0.00	0.00	0.00	0.00	0.00	0.00	0.00	0.00	0.00	0.00	0.00	0.00	0.00	0.00	0.00	0.00	0.00
trpB	0.00	0.00	0.00	0.00	0.00	0.00	0.00	0.00	0.00	0.00	0.00	0.00	0.00	0.00	0.00	0.00	0.00	0.00	0.00	0.00	0.00	0.00	0.00	0.00
trpS	0.00	0.00	68.00	0.00	0.00	21.00	0.00	0.00	20.00	0.00	0.00	0.00	0.00	0.00	0.00	0.00	0.00	0.00	0.00	0.00	20.00	0.00	0.00	0.00
truA	0.00	0.00	0.00	0.00	0.00	22.00	1.00	0.00	30.00	0.00	0.00	0.00	0.00	0.00	0.00	0.00	0.00	0.00	0.00	0.00	0.00	0.00	0.00	0.00
truB	0.00	0.00	0.00	0.00	0.00	0.00	149.00	0.00	0.00	0.00	0.00	0.00	0.00	0.00	0.00	0.00	0.00	0.00	0.00	0.00	11.00	0.00	0.00	0.00
tsf	0.00	0.00	30.00	0.00	0.00	299.00	315.00	202.00	194.00	0.00	0.00	0.00	89.00	0.00	0.00	0.00	0.00	0.00	0.00	46.00	339.00	0.00	40.00	0.00
ubiE	0.00	0.00	0.00	0.00	0.00	85.00	10.00	89.00	0.00	0.00	0.00	0.00	0.00	0.00	0.00	0.00	0.00	0.00	0.00	0.00	71.00	0.00	0.00	0.00
uhpT	0.00	0.00	52.00	0.00	0.00	25.00	0.00	0.00	0.00	0.00	0.00	0.00	0.00	0.00	0.00	0.00	0.00	0.00	0.00	0.00	12.00	0.00	0.00	0.00
upp	0.00	0.00	0.00	0.00	0.00	0.00	115.00	75.00	0.00	0.00	0.00	0.00	0.00	0.00	0.00	0.00	0.00	0.00	0.00	0.00	22.00	0.00	0.00	0.00
uppS	0.00	0.00	0.00	0.00	0.00	96.00	64.00	0.00	0.00	0.00	0.00	0.00	29.00	0.00	0.00	0.00	0.00	0.00	0.00	0.00	16.00	0.00	112.00	0.00
ureA	0.00	0.00	0.00	0.00	0.00	0.00	0.00	0.00	0.00	0.00	0.00	0.00	0.00	0.00	0.00	0.00	0.00	0.00	0.00	0.00	0.00	0.00	0.00	0.00
ureB	0.00	0.00	0.00	0.00	0.00	0.00	0.00	0.00	0.00	0.00	0.00	0.00	0.00	0.00	0.00	0.00	0.00	0.00	0.00	0.00	0.00	0.00	0.00	0.00
ureC	0.00	0.00	0.00	0.00	0.00	0.00	0.00	0.00	0.00	0.00	0.00	0.00	0.00	0.00	0.00	0.00	0.00	0.00	0.00	0.00	7.00	0.00	0.00	0.00
ureD	0.00	0.00	0.00	0.00	0.00	0.00	0.00	0.00	0.00	0.00	0.00	0.00	0.00	0.00	0.00	0.00	0.00	0.00	0.00	0.00	27.00	0.00	0.00	0.00
ureE	0.00	0.00	0.00	0.00	0.00	0.00	0.00	0.00	0.00	0.00	0.00	0.00	0.00	0.00	0.00	0.00	0.00	0.00	0.00	0.00	0.00	0.00	0.00	0.00
ureF	0.00	0.00	0.00	0.00	0.00	0.00	0.00	0.00	0.00	0.00	0.00	0.00	0.00	0.00	0.00	0.00	0.00	0.00	0.00	0.00	12.00	0.00	0.00	0.00
ureG	0.00	0.00	0.00	0.00	0.00	0.00	0.00	0.00	0.00	0.00	0.00	0.00	0.00	0.00	0.00	0.00	0.00	0.00	0.00	0.00	67.00	0.00	0.00	0.00
xerC	0.00	0.00	0.00	57.00	0.00	0.00	53.00	46.00	0.00	0.00	0.00	0.00	0.00	0.00	0.00	0.00	0.00	0.00	0.00	0.00	106.00	0.00	0.00	0.00
xerD	0.00	0.00	0.00	0.00	0.00	101.00	73.00	0.00	152.00	0.00	0.00	3.00	0.00	0.00	0.00	0.00	0.00	0.00	0.00	0.00	104.00	0.00	0.00	0.00
xseA	0.00	0.00	0.00	0.00	0.00	165.00	74.00	18.00	91.00	0.00	0.00	0.00	18.00	0.00	0.00	0.00	0.00	0.00	0.00	0.00	67.00	0.00	61.00	0.00
xseB	0.00	0.00	0.00	0.00	0.00	147.00	48.00	101.00	0.00	0.00	0.00	0.00	0.00	0.00	0.00	0.00	0.00	0.00	0.00	0.00	45.00	0.00	0.00	0.00
zwf	0.00	0.00	0.00	0.00	0.00	122.00	99.00	27.00	57.00	0.00	0.00	0.00	0.00	93.00	0.00	0.00	0.00	0.00	0.00	0.00	30.00	0.00	0.00	0.00
